Organization,Measure,FY 2005,FY 2006,FY 2007,FY 2008,FY 2009
Acadia Hospital Corporation,Current Ratio with Board Designated and Undesignated Investments,1.501,0.76,0.902,0.972,1.585
Acadia Hospital Corporation,Current Ratio without Board Designated and Undesignated Investments,0.976,0.353,0.496,0.46,0.578
Acadia Hospital Corporation,Days in Accounts Receivable,24.38,15.637,16.829,26.818,22.555
Acadia Hospital Corporation,Acid Test,0.28,0.108,0.247,0.23,0.178
Acadia Hospital Corporation,"Days Cash on Hand, Current",41.306,17.038,35.751,36.311,27.063
Acadia Hospital Corporation,"Days Cash on Hand, Incl Board Designated & Undesignated Investments",118.698,81.178,94.283,117.271,180.554
Acadia Hospital Corporation,"Average Payment Period, Accounts Payable and Accrued Expenses",31.977,32.89,33.596,33.839,34.338
Acadia Hospital Corporation,"Average Payment Period, Current Liabilities",147.292,157.415,144.489,158.158,152.413
Acadia Hospital Corporation,Equity Financing Ratio,0.028,0.046,0.184,0.144,0.092
Acadia Hospital Corporation,Fixed Asset Financing,1.327,1.293,1.354,1.367,1.111
Acadia Hospital Corporation,Cash Flow Divided by Total Debt,0.078,0.062,0.225,0.068,0.075
Acadia Hospital Corporation,Cash Flow Divided by Total Debt with Operating Income Only,0.071,0.049,0.214,0.062,0.063
Acadia Hospital Corporation,Debt Service Coverage Total,2.057,1.821,5.015,2.001,2.249
Acadia Hospital Corporation,Debt Service Coverage Total with Operating Income Only,1.908,1.564,4.796,1.873,1.965
Acadia Hospital Corporation,Total Margin,0.034,0.02,0.134,0.033,0.04
Acadia Hospital Corporation,Operating Margin,0.028,0.01,0.127,0.029,0.03
Acadia Hospital Corporation,Non Operating Revenue Margin,0.189,0.499,0.058,0.145,0.244
Acadia Hospital Corporation,Return On Assets,0.039,0.023,0.153,0.034,0.044
Acadia Hospital Corporation,Return On Equity,1.419,0.512,0.834,0.233,0.48
Acadia Hospital Corporation,Markup,1.479,1.482,1.571,1.518,1.773
Acadia Hospital Corporation,Deductible,0.097,0.104,0.087,0.156,0.213
Acadia Hospital Corporation,Markup Adjustment for Deductible,1.34,1.333,1.438,1.289,1.406
Acadia Hospital Corporation,Reported Income Index,1.125,1.156,1.075,-1.269,-0.83
Acadia Hospital Corporation,Total Asset Turnover,1.162,1.144,1.146,1.002,1.111
Acadia Hospital Corporation,Fixed Asset Turnover,3.493,3.824,4.721,4.813,4.572
Acadia Hospital Corporation,Average Age Plant Depreciation Only,11.587,11.788,13.026,16.337,17.535
Acadia Hospital Corporation,Total Operating Expense Growth,0.043,0.086,-0.017,0.051,0.091
Acadia Hospital Corporation,Total Operating Revenue Growth,0.047,0.067,0.114,-0.055,0.093
Acadia Hospital Corporation,Realized Gains Divided by Non-Operating Revenue,,-0.002,0.001,0.011,0.001
Acadia Hospital Corporation,Realized Gains Divided by Net Income,,-0.001,0,0.002,0
Acadia Hospital Corporation,Long Term Debt to Equity,15.786,8.359,1.776,1.966,2.901
"Aroostook Medical Center, The (TAMC)",Current Ratio with Board Designated and Undesignated Investments,1.656,1.164,0.94,0.898,1.692
"Aroostook Medical Center, The (TAMC)",Current Ratio without Board Designated and Undesignated Investments,1.417,0.987,0.838,0.787,1.512
"Aroostook Medical Center, The (TAMC)",Days in Accounts Receivable,36.073,37.931,32.832,35.493,24.404
"Aroostook Medical Center, The (TAMC)",Acid Test,0.382,0.09,0.137,0.174,0.307
"Aroostook Medical Center, The (TAMC)","Days Cash on Hand, Current",22.308,5.951,12.593,16.495,18.107
"Aroostook Medical Center, The (TAMC)","Days Cash on Hand, Incl Board Designated & Undesignated Investments",36.202,17.576,22,26.928,28.742
"Aroostook Medical Center, The (TAMC)","Average Payment Period, Accounts Payable and Accrued Expenses",45.931,49.865,44.211,44.938,33.263
"Aroostook Medical Center, The (TAMC)","Average Payment Period, Current Liabilities",58.336,65.961,91.623,94.532,58.893
"Aroostook Medical Center, The (TAMC)",Equity Financing Ratio,0.485,0.477,0.433,0.434,0.511
"Aroostook Medical Center, The (TAMC)",Fixed Asset Financing,0.588,0.557,0.524,0.487,0.444
"Aroostook Medical Center, The (TAMC)",Cash Flow Divided by Total Debt,0.388,0.146,0.114,0.083,0.154
"Aroostook Medical Center, The (TAMC)",Cash Flow Divided by Total Debt with Operating Income Only,0.366,0.123,0.102,0.07,0.147
"Aroostook Medical Center, The (TAMC)",Debt Service Coverage Total,6.648,3.127,2.74,2.158,3.018
"Aroostook Medical Center, The (TAMC)",Debt Service Coverage Total with Operating Income Only,6.301,2.698,2.516,1.902,2.906
"Aroostook Medical Center, The (TAMC)",Total Margin,0.092,0.011,0.009,-0.006,0.011
"Aroostook Medical Center, The (TAMC)",Operating Margin,0.086,0.003,0.004,-0.012,0.009
"Aroostook Medical Center, The (TAMC)",Non Operating Revenue Margin,0.082,0.744,0.555,-0.838,0.186
"Aroostook Medical Center, The (TAMC)",Return On Assets,0.137,0.017,0.012,-0.009,0.017
"Aroostook Medical Center, The (TAMC)",Return On Equity,0.283,0.035,0.027,-0.02,0.034
"Aroostook Medical Center, The (TAMC)",Markup,2.058,2.026,2.015,1.996,2.102
"Aroostook Medical Center, The (TAMC)",Deductible,0.479,0.489,0.483,0.485,0.499
"Aroostook Medical Center, The (TAMC)",Markup Adjustment for Deductible,1.083,1.048,1.054,1.038,1.063
"Aroostook Medical Center, The (TAMC)",Reported Income Index,0.856,0.706,1.216,-2.357,0.648
"Aroostook Medical Center, The (TAMC)",Total Asset Turnover,1.487,1.446,1.327,1.323,1.52
"Aroostook Medical Center, The (TAMC)",Fixed Asset Turnover,2.974,3.102,3.233,3.246,3.309
"Aroostook Medical Center, The (TAMC)",Average Age Plant Depreciation Only,10.78,10.519,10.828,10.788,12.211
"Aroostook Medical Center, The (TAMC)",Total Operating Expense Growth,0.132,0.132,0.036,0.019,0.012
"Aroostook Medical Center, The (TAMC)",Total Operating Revenue Growth,0.223,0.038,0.037,,0.033
"Aroostook Medical Center, The (TAMC)",Long Term Debt to Equity,0.602,0.539,0.493,0.454,0.398
Blue Hill Memorial Hospital,Current Ratio with Board Designated and Undesignated Investments,2.829,4.65,3.504,3.216,1.767
Blue Hill Memorial Hospital,Current Ratio without Board Designated and Undesignated Investments,1.213,1.273,1.022,1.481,0.92
Blue Hill Memorial Hospital,Days in Accounts Receivable,46.264,60.029,52.267,54.529,51.371
Blue Hill Memorial Hospital,Acid Test,0.096,0.075,0.042,0.158,0.05
Blue Hill Memorial Hospital,"Days Cash on Hand, Current",5.472,4.403,3.074,12.616,4.755
Blue Hill Memorial Hospital,"Days Cash on Hand, Incl Board Designated & Undesignated Investments",97.528,201.734,186.182,151.155,85.018
Blue Hill Memorial Hospital,"Average Payment Period, Accounts Payable and Accrued Expenses",35.614,35.065,35.529,32.962,35.709
Blue Hill Memorial Hospital,"Average Payment Period, Current Liabilities",56.996,58.44,73.784,79.835,94.692
Blue Hill Memorial Hospital,Equity Financing Ratio,0.658,0.746,0.714,0.604,0.515
Blue Hill Memorial Hospital,Fixed Asset Financing,0.341,0.33,0.291,0.378,0.259
Blue Hill Memorial Hospital,Cash Flow Divided by Total Debt,0.07,0.29,-0.02,0.034,-0.235
Blue Hill Memorial Hospital,Cash Flow Divided by Total Debt with Operating Income Only,0.024,0.177,-0.071,0.005,-0.207
Blue Hill Memorial Hospital,Debt Service Coverage Total,0.898,3.021,0.136,0.933,-4.562
Blue Hill Memorial Hospital,Debt Service Coverage Total with Operating Income Only,0.489,1.987,-0.264,0.517,-3.955
Blue Hill Memorial Hospital,Total Margin,-0.04,0.025,-0.057,-0.037,-0.165
Blue Hill Memorial Hospital,Operating Margin,-0.054,-0.006,-0.074,-0.05,-0.15
Blue Hill Memorial Hospital,Non Operating Revenue Margin,-0.346,1.229,-0.269,-0.32,0.081
Blue Hill Memorial Hospital,Return On Assets,-0.046,0.023,-0.054,-0.036,-0.169
Blue Hill Memorial Hospital,Return On Equity,-0.07,0.031,-0.076,-0.059,-0.329
Blue Hill Memorial Hospital,Markup,1.39,1.541,1.45,1.566,1.413
Blue Hill Memorial Hospital,Deductible,0.297,0.319,0.302,0.333,0.301
Blue Hill Memorial Hospital,Markup Adjustment for Deductible,0.989,1.065,1.022,1.055,0.995
Blue Hill Memorial Hospital,Reported Income Index,0.109,0.089,2.921,0.558,1.182
Blue Hill Memorial Hospital,Total Asset Turnover,1.166,0.948,0.939,0.963,1.024
Blue Hill Memorial Hospital,Fixed Asset Turnover,2.402,2.662,2.822,2.885,2.929
Blue Hill Memorial Hospital,Average Age Plant Depreciation Only,9.723,9.565,9.659,9.76,10.498
Blue Hill Memorial Hospital,Total Operating Expense Growth,0.071,0.035,0.096,0.074,0.097
Blue Hill Memorial Hospital,Total Operating Revenue Growth,0.015,0.085,0.026,0.099,0.001
Blue Hill Memorial Hospital,Realized Gains Divided by Non-Operating Revenue,0.544,0.815,0.598,0.635,1.145
Blue Hill Memorial Hospital,Realized Gains Divided by Net Income,-0.188,1.002,-0.161,-0.203,0.093
Blue Hill Memorial Hospital,Long Term Debt to Equity,0.248,0.152,0.134,0.206,0.178
Bridgton Hospital,Current Ratio with Board Designated and Undesignated Investments,2.99,3.883,3.927,3.499,5.03
Bridgton Hospital,Current Ratio without Board Designated and Undesignated Investments,2.333,2.877,3.013,2.314,4.14
Bridgton Hospital,Days in Accounts Receivable,28.939,31.332,34.519,38.875,46.175
Bridgton Hospital,Acid Test,0.121,0.151,0.183,0.325,1.279
Bridgton Hospital,"Days Cash on Hand, Current",6.466,5.968,6.294,9.922,40.366
Bridgton Hospital,"Days Cash on Hand, Incl Board Designated & Undesignated Investments",41.666,45.583,37.755,46.052,68.466
Bridgton Hospital,"Average Payment Period, Accounts Payable and Accrued Expenses",19.901,22.757,29.783,26.113,25.618
Bridgton Hospital,"Average Payment Period, Current Liabilities",53.586,39.404,34.443,30.498,31.557
Bridgton Hospital,Equity Financing Ratio,0.444,0.482,0.53,0.576,0.6
Bridgton Hospital,Fixed Asset Financing,0.704,0.682,0.625,0.582,0.573
Bridgton Hospital,Cash Flow Divided by Total Debt,0.199,0.227,0.246,0.279,0.287
Bridgton Hospital,Cash Flow Divided by Total Debt with Operating Income Only,0.187,0.197,0.187,0.262,0.294
Bridgton Hospital,Debt Service Coverage Total,2.277,3.521,2.593,4.404,4.546
Bridgton Hospital,Debt Service Coverage Total with Operating Income Only,2.16,3.128,2.067,4.165,4.643
Bridgton Hospital,Total Margin,0.068,0.072,0.066,0.072,0.07
Bridgton Hospital,Operating Margin,0.062,0.058,0.044,0.066,0.072
Bridgton Hospital,Non Operating Revenue Margin,0.102,0.209,0.36,0.087,-0.035
Bridgton Hospital,Return On Assets,0.068,0.076,0.077,0.085,0.08
Bridgton Hospital,Return On Equity,0.153,0.157,0.145,0.148,0.134
Bridgton Hospital,Markup,2.005,1.951,1.905,1.89,1.861
Bridgton Hospital,Deductible,0.429,0.407,0.394,0.384,0.368
Bridgton Hospital,Markup Adjustment for Deductible,1.154,1.164,1.161,1.17,1.18
Bridgton Hospital,Reported Income Index,0.914,1.396,1.132,1.022,1.085
Bridgton Hospital,Total Asset Turnover,0.998,1.055,1.157,1.186,1.145
Bridgton Hospital,Fixed Asset Turnover,1.639,1.766,1.986,2.157,2.223
Bridgton Hospital,Average Age Plant Depreciation Only,11.522,12.143,13.431,15.499,13.73
Bridgton Hospital,Total Operating Expense Growth,0.058,0.095,0.149,0.096,0.061
Bridgton Hospital,Total Operating Revenue Growth,0.083,0.09,0.132,0.122,0.068
Bridgton Hospital,Realized Gains Divided by Non-Operating Revenue,,,0.396,0.011,2.576
Bridgton Hospital,Realized Gains Divided by Net Income,,,0.142,0.001,-0.091
Bridgton Hospital,Long Term Debt to Equity,0.958,0.833,0.67,0.552,0.494
Calais Regional Hospital,Current Ratio with Board Designated and Undesignated Investments,2.049,2.085,2.547,3.028,3.576
Calais Regional Hospital,Current Ratio without Board Designated and Undesignated Investments,1.765,2.066,2.349,2.456,2.876
Calais Regional Hospital,Days in Accounts Receivable,36.188,53.888,43.36,41.437,51.29
Calais Regional Hospital,Acid Test,0.036,0.01,0.086,0.245,0.836
Calais Regional Hospital,"Days Cash on Hand, Current",1.761,0.609,3.911,10.013,28.393
Calais Regional Hospital,"Days Cash on Hand, Incl Board Designated & Undesignated Investments",15.71,1.722,12.873,33.369,52.132
Calais Regional Hospital,"Average Payment Period, Accounts Payable and Accrued Expenses",40.798,49.4,40.451,36.056,28.517
Calais Regional Hospital,"Average Payment Period, Current Liabilities",49.178,59.735,45.263,40.849,33.943
Calais Regional Hospital,Equity Financing Ratio,0.426,0.294,0.292,0.303,0.306
Calais Regional Hospital,Fixed Asset Financing,0.636,0.797,0.83,0.862,0.888
Calais Regional Hospital,Cash Flow Divided by Total Debt,0.114,0.095,0.039,0.076,0.053
Calais Regional Hospital,Cash Flow Divided by Total Debt with Operating Income Only,0.108,0.094,0.036,0.072,0.047
Calais Regional Hospital,Debt Service Coverage Total,2.297,2.836,1.415,1.972,1.561
Calais Regional Hospital,Debt Service Coverage Total with Operating Income Only,2.193,2.81,1.373,1.912,1.469
Calais Regional Hospital,Total Margin,0.022,0.04,-0.026,0.009,-0.009
Calais Regional Hospital,Operating Margin,0.019,0.039,-0.028,0.006,-0.014
Calais Regional Hospital,Non Operating Revenue Margin,0.114,0.023,-0.081,0.319,-0.462
Calais Regional Hospital,Return On Assets,0.027,0.032,-0.022,0.008,-0.009
Calais Regional Hospital,Return On Equity,0.063,0.11,-0.076,0.027,-0.029
Calais Regional Hospital,Markup,1.587,1.514,1.441,1.589,1.562
Calais Regional Hospital,Deductible,0.338,0.287,0.3,0.336,0.33
Calais Regional Hospital,Markup Adjustment for Deductible,1.059,1.087,1.014,1.059,1.051
Calais Regional Hospital,Reported Income Index,0.882,0.497,1.254,0.932,1.005
Calais Regional Hospital,Total Asset Turnover,1.254,0.801,0.854,0.922,0.947
Calais Regional Hospital,Fixed Asset Turnover,1.924,1.09,1.167,1.322,1.373
Calais Regional Hospital,Average Age Plant Depreciation Only,14.677,9.689,7.995,9.781,10.941
Calais Regional Hospital,Total Operating Expense Growth,0.195,0.167,0.083,0.034,0.007
Calais Regional Hospital,Total Operating Revenue Growth,0.121,0.191,0.012,0.069,-0.012
Calais Regional Hospital,Long Term Debt to Equity,0.971,1.994,2.077,1.98,1.996
Cary Medical Center,Current Ratio with Board Designated and Undesignated Investments,2.947,2.771,2.731,2.461,2.46
Cary Medical Center,Current Ratio without Board Designated and Undesignated Investments,1.801,1.671,2.115,1.597,1.39
Cary Medical Center,Days in Accounts Receivable,18.767,18.241,29.281,28.73,28.105
Cary Medical Center,Acid Test,0.689,0.786,0.804,0.231,0.32
Cary Medical Center,"Days Cash on Hand, Current",29.974,36.059,34.648,11.636,15.815
Cary Medical Center,"Days Cash on Hand, Incl Board Designated & Undesignated Investments",79.859,86.517,61.196,55.147,68.723
Cary Medical Center,"Average Payment Period, Accounts Payable and Accrued Expenses",35.503,36.256,34.417,38.769,33.935
Cary Medical Center,"Average Payment Period, Current Liabilities",43.523,45.882,43.106,50.361,49.425
Cary Medical Center,Equity Financing Ratio,0.588,0.593,0.607,0.583,0.592
Cary Medical Center,Fixed Asset Financing,0.487,0.466,0.413,0.419,0.389
Cary Medical Center,Cash Flow Divided by Total Debt,0.341,0.206,0.172,0.266,0.098
Cary Medical Center,Cash Flow Divided by Total Debt with Operating Income Only,0.321,0.165,0.12,0.254,0.091
Cary Medical Center,Debt Service Coverage Total,6.631,3.086,2.472,4.761,1.263
Cary Medical Center,Debt Service Coverage Total with Operating Income Only,6.262,2.53,1.807,4.553,1.186
Cary Medical Center,Total Margin,0.034,0.005,0.001,0.028,-0.017
Cary Medical Center,Operating Margin,0.03,-0.004,-0.009,0.025,-0.018
Cary Medical Center,Non Operating Revenue Margin,0.138,1.787,7.753,0.1,-0.093
Cary Medical Center,Return On Assets,0.06,0.009,0.003,0.051,-0.03
Cary Medical Center,Return On Equity,0.102,0.016,0.004,0.088,-0.051
Cary Medical Center,Markup,2.182,2.115,2.125,2.064,2.019
Cary Medical Center,Deductible,0.521,0.528,0.525,0.543,0.517
Cary Medical Center,Markup Adjustment for Deductible,1.092,1.04,1.05,0.979,1.01
Cary Medical Center,Reported Income Index,0.988,0.933,5.804,0.917,0.851
Cary Medical Center,Total Asset Turnover,1.747,1.777,1.895,1.81,1.815
Cary Medical Center,Fixed Asset Turnover,4.271,4.702,4.911,4.541,4.657
Cary Medical Center,Average Age Plant Depreciation Only,10.712,12.268,14.877,13.743,12.368
Cary Medical Center,Total Operating Expense Growth,0,0.058,0.045,0.071,-0.025
Cary Medical Center,Total Operating Revenue Growth,-0.048,0.022,0.04,0.109,-0.067
Cary Medical Center,Realized Gains Divided by Non-Operating Revenue,,,,0.009,0.428
Cary Medical Center,Realized Gains Divided by Net Income,,,,0.001,-0.04
Cary Medical Center,Long Term Debt to Equity,0.337,0.294,0.26,0.285,0.256
Central Maine Medical Center,Current Ratio with Board Designated and Undesignated Investments,3.399,3.184,3.097,1.441,1.908
Central Maine Medical Center,Current Ratio without Board Designated and Undesignated Investments,3.399,3.184,3.097,1.441,1.908
Central Maine Medical Center,Days in Accounts Receivable,31.494,31.855,34.637,40.952,43.224
Central Maine Medical Center,Acid Test,0.763,0.849,0.64,0.201,0.196
Central Maine Medical Center,"Days Cash on Hand, Current",28.166,34.467,25.315,10.856,9.653
Central Maine Medical Center,"Days Cash on Hand, Incl Board Designated & Undesignated Investments",28.166,34.467,25.315,10.856,9.653
Central Maine Medical Center,"Average Payment Period, Accounts Payable and Accrued Expenses",32.278,35.42,34.896,31.42,31.995
Central Maine Medical Center,"Average Payment Period, Current Liabilities",36.921,40.617,39.555,54.118,49.152
Central Maine Medical Center,Equity Financing Ratio,0.423,0.4,0.395,0.384,0.383
Central Maine Medical Center,Fixed Asset Financing,0.73,0.836,0.814,0.763,0.793
Central Maine Medical Center,Cash Flow Divided by Total Debt,0.268,0.157,0.133,0.11,0.134
Central Maine Medical Center,Cash Flow Divided by Total Debt with Operating Income Only,0.264,0.156,0.125,0.103,0.131
Central Maine Medical Center,Debt Service Coverage Total,2.732,3.4,3.073,2.518,3.127
Central Maine Medical Center,Debt Service Coverage Total with Operating Income Only,2.697,3.378,2.921,2.402,3.061
Central Maine Medical Center,Total Margin,0.077,0.029,0.016,0.005,0.016
Central Maine Medical Center,Operating Margin,0.075,0.028,0.012,0.002,0.014
Central Maine Medical Center,Non Operating Revenue Margin,0.025,0.023,0.266,0.677,0.111
Central Maine Medical Center,Return On Assets,0.09,0.032,0.019,0.006,0.019
Central Maine Medical Center,Return On Equity,0.213,0.079,0.047,0.016,0.05
Central Maine Medical Center,Markup,1.994,1.958,1.895,1.942,2.03
Central Maine Medical Center,Deductible,0.462,0.443,0.435,0.452,0.466
Central Maine Medical Center,Markup Adjustment for Deductible,1.087,1.103,1.086,1.079,1.099
Central Maine Medical Center,Reported Income Index,1.013,1.326,0.75,0.559,1.049
Central Maine Medical Center,Total Asset Turnover,1.164,1.104,1.163,1.176,1.232
Central Maine Medical Center,Fixed Asset Turnover,1.963,2.063,2.148,2.152,2.265
Central Maine Medical Center,Average Age Plant Depreciation Only,8.567,8.638,8.924,9.356,9.464
Central Maine Medical Center,Total Operating Expense Growth,0.038,0.125,0.15,0.084,0.092
Central Maine Medical Center,Total Operating Revenue Growth,0.113,0.07,0.132,0.073,0.105
Central Maine Medical Center,Realized Gains Divided by Non-Operating Revenue,-0.029,0.49,0.018,-0.01,0.022
Central Maine Medical Center,Realized Gains Divided by Net Income,-0.001,0.011,0.005,-0.007,0.002
Central Maine Medical Center,Long Term Debt to Equity,1.02,1.119,1.11,1.082,1.125
Charles A. Dean Memorial Hospital,Current Ratio with Board Designated and Undesignated Investments,0.512,0.476,0.527,0.596,0.676
Charles A. Dean Memorial Hospital,Current Ratio without Board Designated and Undesignated Investments,0.493,0.456,0.497,0.563,0.64
Charles A. Dean Memorial Hospital,Days in Accounts Receivable,23.833,29.171,26.872,15.684,14.906
Charles A. Dean Memorial Hospital,Acid Test,0.185,0.147,0.076,0.124,0.187
Charles A. Dean Memorial Hospital,"Days Cash on Hand, Current",24.306,22.477,10.081,14.773,22.399
Charles A. Dean Memorial Hospital,"Days Cash on Hand, Incl Board Designated & Undesignated Investments",26.667,25.542,14.038,18.712,26.774
Charles A. Dean Memorial Hospital,"Average Payment Period, Accounts Payable and Accrued Expenses",30.087,38.523,35.627,30.868,30.598
Charles A. Dean Memorial Hospital,"Average Payment Period, Current Liabilities",131.061,152.73,132.22,118.864,119.758
Charles A. Dean Memorial Hospital,Equity Financing Ratio,-0.055,0.031,0.157,0.128,0.131
Charles A. Dean Memorial Hospital,Fixed Asset Financing,0.412,0.057,0.223,0.215,0.144
Charles A. Dean Memorial Hospital,Cash Flow Divided by Total Debt,-0.09,0.11,0.071,0.078,-0.016
Charles A. Dean Memorial Hospital,Cash Flow Divided by Total Debt with Operating Income Only,-0.098,0.096,0.059,0.072,-0.014
Charles A. Dean Memorial Hospital,Debt Service Coverage Total,-3.158,2.788,0.692,2.51,-0.147
Charles A. Dean Memorial Hospital,Debt Service Coverage Total with Operating Income Only,-3.524,2.497,0.605,2.36,-0.077
Charles A. Dean Memorial Hospital,Total Margin,-0.087,0.017,0.001,0.004,-0.04
Charles A. Dean Memorial Hospital,Operating Margin,-0.093,0.011,-0.005,0.001,-0.038
Charles A. Dean Memorial Hospital,Non Operating Revenue Margin,-0.054,0.393,6.817,0.711,0.028
Charles A. Dean Memorial Hospital,Return On Assets,-0.166,0.019,0.001,0.007,-0.075
Charles A. Dean Memorial Hospital,Return On Equity,3.035,0.616,0.009,0.055,-0.574
Charles A. Dean Memorial Hospital,Markup,1.292,1.313,1.276,1.33,1.349
Charles A. Dean Memorial Hospital,Deductible,0.232,0.229,0.208,0.221,0.265
Charles A. Dean Memorial Hospital,Markup Adjustment for Deductible,0.998,1.017,1.015,1.042,0.996
Charles A. Dean Memorial Hospital,Reported Income Index,1.327,0.336,0.012,-0.348,-6.696
Charles A. Dean Memorial Hospital,Total Asset Turnover,1.896,1.091,1.782,1.96,1.89
Charles A. Dean Memorial Hospital,Fixed Asset Turnover,3.364,1.525,3.563,4.333,3.945
Charles A. Dean Memorial Hospital,Average Age Plant Depreciation Only,11.85,0.001,11.329,11.277,11.38
Charles A. Dean Memorial Hospital,Total Operating Expense Growth,0.055,0.118,0.189,0.163,0.078
Charles A. Dean Memorial Hospital,Total Operating Revenue Growth,0.03,0.234,0.171,0.169,0.037
Charles A. Dean Memorial Hospital,Long Term Debt to Equity,-4.226,1.321,0.705,0.757,0.527
Down East Community Hospital,Current Ratio with Board Designated and Undesignated Investments,2.643,2.766,2.614,4.17,3.462
Down East Community Hospital,Current Ratio without Board Designated and Undesignated Investments,2.293,2.465,2.24,3.889,3.159
Down East Community Hospital,Days in Accounts Receivable,24.484,22.647,,27.176,29.282
Down East Community Hospital,Acid Test,0.856,0.655,1.175,1.352,2.147
Down East Community Hospital,"Days Cash on Hand, Current",46.746,34.449,51.691,47.939,89.361
Down East Community Hospital,"Days Cash on Hand, Incl Board Designated & Undesignated Investments",65.82,50.284,68.111,57.91,101.937
Down East Community Hospital,"Average Payment Period, Accounts Payable and Accrued Expenses",31.266,32.492,37.336,29.243,29.646
Down East Community Hospital,"Average Payment Period, Current Liabilities",54.598,52.614,43.988,35.453,41.613
Down East Community Hospital,Equity Financing Ratio,0.485,0.538,0.585,0.574,0.554
Down East Community Hospital,Fixed Asset Financing,0.669,0.583,0.622,0.593,0.527
Down East Community Hospital,Cash Flow Divided by Total Debt,0.255,0.359,0.409,0.345,0.05
Down East Community Hospital,Cash Flow Divided by Total Debt with Operating Income Only,0.255,0.331,0.372,0.332,0.048
Down East Community Hospital,Debt Service Coverage Total,3.533,4.762,5.336,4.448,1.067
Down East Community Hospital,Debt Service Coverage Total with Operating Income Only,3.53,4.423,4.895,4.306,1.039
Down East Community Hospital,Total Margin,0.064,0.088,0.094,0.078,-0.019
Down East Community Hospital,Operating Margin,0.064,0.079,0.083,0.074,-0.019
Down East Community Hospital,Non Operating Revenue Margin,0.001,0.108,0.122,0.051,-0.042
Down East Community Hospital,Return On Assets,0.082,0.121,0.126,0.102,-0.024
Down East Community Hospital,Return On Equity,0.169,0.225,0.215,0.178,-0.044
Down East Community Hospital,Markup,1.948,1.788,1.727,1.603,1.464
Down East Community Hospital,Deductible,0.426,0.381,0.35,0.32,0.306
Down East Community Hospital,Markup Adjustment for Deductible,1.131,1.114,1.129,1.095,1.02
Down East Community Hospital,Reported Income Index,1.103,1.188,1.219,16.353,1.069
Down East Community Hospital,Total Asset Turnover,1.282,1.381,1.339,1.317,1.312
Down East Community Hospital,Fixed Asset Turnover,2.505,2.781,3.004,3.021,2.741
Down East Community Hospital,Average Age Plant Depreciation Only,10.177,10.561,10.48,10.799,11.188
Down East Community Hospital,Total Operating Expense Growth,0.129,0.167,0.075,0.033,0.094
Down East Community Hospital,Total Operating Revenue Growth,0.213,0.186,0.081,0.022,-0.006
Down East Community Hospital,Long Term Debt to Equity,0.705,0.533,0.468,0.449,0.455
Eastern Maine Medical Center,Current Ratio with Board Designated and Undesignated Investments,2.207,2.087,2.537,2.315,2.241
Eastern Maine Medical Center,Current Ratio without Board Designated and Undesignated Investments,1.281,1.093,1.214,1.076,1.077
Eastern Maine Medical Center,Days in Accounts Receivable,26.924,35.284,30.515,29.755,27.188
Eastern Maine Medical Center,Acid Test,0.2,0.09,0.12,0.123,0.143
Eastern Maine Medical Center,"Days Cash on Hand, Current",12.101,4.512,5.252,5.596,8.579
Eastern Maine Medical Center,"Days Cash on Hand, Incl Board Designated & Undesignated Investments",68.175,54.485,62.959,62.187,78.229
Eastern Maine Medical Center,"Average Payment Period, Accounts Payable and Accrued Expenses",31.331,30.254,28.3,29.954,29.737
Eastern Maine Medical Center,"Average Payment Period, Current Liabilities",60.583,50.276,43.618,45.67,59.86
Eastern Maine Medical Center,Equity Financing Ratio,0.607,0.626,0.648,0.587,0.517
Eastern Maine Medical Center,Fixed Asset Financing,0.308,0.274,0.275,0.261,0.189
Eastern Maine Medical Center,Cash Flow Divided by Total Debt,0.508,0.316,0.25,0.286,0.152
Eastern Maine Medical Center,Cash Flow Divided by Total Debt with Operating Income Only,0.489,0.289,0.224,0.262,0.168
Eastern Maine Medical Center,Debt Service Coverage Total,17.124,10.895,7.729,10.561,8.205
Eastern Maine Medical Center,Debt Service Coverage Total with Operating Income Only,16.507,10.011,6.972,9.704,9.033
Eastern Maine Medical Center,Total Margin,0.091,0.034,0.016,0.039,0.018
Eastern Maine Medical Center,Operating Margin,0.087,0.027,0.01,0.033,0.023
Eastern Maine Medical Center,Non Operating Revenue Margin,0.055,0.196,0.378,0.16,-0.305
Eastern Maine Medical Center,Return On Assets,0.134,0.051,0.024,0.063,0.026
Eastern Maine Medical Center,Return On Equity,0.221,0.082,0.037,0.106,0.05
Eastern Maine Medical Center,Markup,1.654,1.658,1.741,1.808,1.877
Eastern Maine Medical Center,Deductible,0.363,0.365,0.389,0.4,0.427
Eastern Maine Medical Center,Markup Adjustment for Deductible,1.065,1.065,1.077,1.097,1.089
Eastern Maine Medical Center,Reported Income Index,1.081,0.955,0.988,-1.481,3.318
Eastern Maine Medical Center,Total Asset Turnover,1.472,1.519,1.52,1.601,1.437
Eastern Maine Medical Center,Fixed Asset Turnover,4.257,4.266,4.55,4.777,3.731
Eastern Maine Medical Center,Average Age Plant Depreciation Only,8.504,8.326,9.626,11.585,12.6
Eastern Maine Medical Center,Total Operating Expense Growth,0.136,0.164,0.023,0.059,0.058
Eastern Maine Medical Center,Total Operating Revenue Growth,0.203,0.093,0.005,0.084,0.048
Eastern Maine Medical Center,Realized Gains Divided by Non-Operating Revenue,-0.014,-0.043,0.081,0.586,0.092
Eastern Maine Medical Center,Realized Gains Divided by Net Income,-0.001,-0.009,0.03,0.094,-0.028
Eastern Maine Medical Center,Long Term Debt to Equity,0.174,0.155,0.141,0.148,0.142
Franklin Memorial Hospital,Current Ratio with Board Designated and Undesignated Investments,4.207,4.52,5.528,1.943,2.371
Franklin Memorial Hospital,Current Ratio without Board Designated and Undesignated Investments,3.653,3.925,4.805,1.943,2.371
Franklin Memorial Hospital,Days in Accounts Receivable,41.974,38.367,47.195,44.601,48.382
Franklin Memorial Hospital,Acid Test,1.923,1.585,2.023,0.595,0.936
Franklin Memorial Hospital,"Days Cash on Hand, Current",97.983,68.307,75.037,26.081,39.789
Franklin Memorial Hospital,"Days Cash on Hand, Incl Board Designated & Undesignated Investments",126.183,93.954,101.824,26.081,39.789
Franklin Memorial Hospital,"Average Payment Period, Accounts Payable and Accrued Expenses",44.715,34.492,34.227,39.838,31.313
Franklin Memorial Hospital,"Average Payment Period, Current Liabilities",50.944,43.104,37.098,43.85,42.502
Franklin Memorial Hospital,Equity Financing Ratio,0.674,0.689,0.583,0.492,0.521
Franklin Memorial Hospital,Fixed Asset Financing,0.439,0.415,0.85,0.631,0.624
Franklin Memorial Hospital,Cash Flow Divided by Total Debt,0.346,0.239,0.234,0.255,0.183
Franklin Memorial Hospital,Cash Flow Divided by Total Debt with Operating Income Only,0.292,0.178,0.194,0.222,0.179
Franklin Memorial Hospital,Debt Service Coverage Total,4.998,3.505,4.829,8.188,4.087
Franklin Memorial Hospital,Debt Service Coverage Total with Operating Income Only,4.294,2.72,4.054,7.198,4.014
Franklin Memorial Hospital,Total Margin,0.062,0.023,0.056,0.061,0.023
Franklin Memorial Hospital,Operating Margin,0.046,0.006,0.039,0.048,0.021
Franklin Memorial Hospital,Non Operating Revenue Margin,0.268,0.764,0.319,0.229,0.07
Franklin Memorial Hospital,Return On Assets,0.065,0.025,0.053,0.073,0.027
Franklin Memorial Hospital,Return On Equity,0.096,0.036,0.091,0.149,0.052
Franklin Memorial Hospital,Markup,1.893,1.922,1.995,2.083,2.1
Franklin Memorial Hospital,Deductible,0.423,0.457,0.472,0.479,0.48
Franklin Memorial Hospital,Markup Adjustment for Deductible,1.108,1.064,1.072,1.106,1.107
Franklin Memorial Hospital,Reported Income Index,0.896,0.691,0.795,-0.407,0.595
Franklin Memorial Hospital,Total Asset Turnover,1.049,1.056,0.95,1.2,1.188
Franklin Memorial Hospital,Fixed Asset Turnover,2.315,2.205,2.399,1.977,2.122
Franklin Memorial Hospital,Average Age Plant Depreciation Only,9.339,9.578,8.856,8.924,8.829
Franklin Memorial Hospital,Total Operating Expense Growth,0.123,0.081,0.16,0.089,0.066
Franklin Memorial Hospital,Total Operating Revenue Growth,0.105,0.037,0.2,0.1,0.037
Franklin Memorial Hospital,Realized Gains Divided by Non-Operating Revenue,0.603,0.587,0.583,0.606,
Franklin Memorial Hospital,Realized Gains Divided by Net Income,0.162,0.449,0.186,0.139,
Franklin Memorial Hospital,Long Term Debt to Equity,0.29,0.283,0.567,0.768,0.669
Henrietta D. Goodall Hospital,Current Ratio with Board Designated and Undesignated Investments,3.227,2.867,2.871,2.053,1.652
Henrietta D. Goodall Hospital,Current Ratio without Board Designated and Undesignated Investments,0.982,1.167,1.337,0.847,1.013
Henrietta D. Goodall Hospital,Days in Accounts Receivable,48.317,55.271,53.612,60.288,46.292
Henrietta D. Goodall Hospital,Acid Test,0.324,0.126,0.252,0.088,0.288
Henrietta D. Goodall Hospital,"Days Cash on Hand, Current",34.431,12.736,26.655,10.121,24.954
Henrietta D. Goodall Hospital,"Days Cash on Hand, Incl Board Designated & Undesignated Investments",272.807,184.033,188.848,148.214,80.365
Henrietta D. Goodall Hospital,"Average Payment Period, Accounts Payable and Accrued Expenses",70.492,67.146,68.212,71.025,63.22
Henrietta D. Goodall Hospital,"Average Payment Period, Current Liabilities",106.166,100.785,105.671,114.505,86.741
Henrietta D. Goodall Hospital,Equity Financing Ratio,0.624,0.604,0.538,0.513,0.465
Henrietta D. Goodall Hospital,Fixed Asset Financing,0.529,0.509,0.645,0.635,0.643
Henrietta D. Goodall Hospital,Cash Flow Divided by Total Debt,-0.009,0.132,0.222,0.027,-0.152
Henrietta D. Goodall Hospital,Cash Flow Divided by Total Debt with Operating Income Only,-0.063,0.072,0.077,0.036,-0.074
Henrietta D. Goodall Hospital,Debt Service Coverage Total,0.299,2.545,4.393,0.898,-1.564
Henrietta D. Goodall Hospital,Debt Service Coverage Total with Operating Income Only,-0.612,1.574,1.825,1.029,-0.572
Henrietta D. Goodall Hospital,Total Margin,-0.062,0.019,0.089,-0.035,-0.152
Henrietta D. Goodall Hospital,Operating Margin,-0.096,-0.011,0,-0.029,-0.098
Henrietta D. Goodall Hospital,Non Operating Revenue Margin,-0.487,1.596,0.998,0.176,0.322
Henrietta D. Goodall Hospital,Return On Assets,-0.042,0.015,0.067,-0.025,-0.13
Henrietta D. Goodall Hospital,Return On Equity,-0.067,0.025,0.125,-0.049,-0.28
Henrietta D. Goodall Hospital,Markup,1.647,1.769,1.816,1.947,2.028
Henrietta D. Goodall Hospital,Deductible,0.412,0.411,0.421,0.457,0.477
Henrietta D. Goodall Hospital,Markup Adjustment for Deductible,0.985,1.056,1.07,1.076,1.079
Henrietta D. Goodall Hospital,Reported Income Index,1.867,0.795,2.487,0.845,0.879
Henrietta D. Goodall Hospital,Total Asset Turnover,0.675,0.795,0.757,0.716,0.857
Henrietta D. Goodall Hospital,Fixed Asset Turnover,1.935,2.061,1.629,1.717,1.855
Henrietta D. Goodall Hospital,Average Age Plant Depreciation Only,8.202,8.764,8.635,8.787,9.148
Henrietta D. Goodall Hospital,Total Operating Expense Growth,0.247,0.16,0.046,0.064,0.113
Henrietta D. Goodall Hospital,Total Operating Revenue Growth,0.145,0.256,0.058,0.034,0.043
Henrietta D. Goodall Hospital,Realized Gains Divided by Non-Operating Revenue,0.799,1.059,1.031,-1.631,0.223
Henrietta D. Goodall Hospital,Realized Gains Divided by Net Income,-0.389,1.69,1.029,-0.287,0.072
Henrietta D. Goodall Hospital,Long Term Debt to Equity,0.287,0.315,0.508,0.519,0.67
Houlton Regional Hospital,Current Ratio with Board Designated and Undesignated Investments,1.432,1.466,1.67,1.783,1.673
Houlton Regional Hospital,Current Ratio without Board Designated and Undesignated Investments,0.994,1.104,1.224,1.435,1.376
Houlton Regional Hospital,Days in Accounts Receivable,59.028,51.521,49.55,47.2,41.172
Houlton Regional Hospital,Acid Test,0.084,0.058,0.304,0.066,0.403
Houlton Regional Hospital,"Days Cash on Hand, Current",8.03,5.759,26.183,5.604,35.918
Houlton Regional Hospital,"Days Cash on Hand, Incl Board Designated & Undesignated Investments",49.82,41.687,64.598,35,62.411
Houlton Regional Hospital,"Average Payment Period, Accounts Payable and Accrued Expenses",47.596,51.211,41.599,39.189,42.437
Houlton Regional Hospital,"Average Payment Period, Current Liabilities",95.281,99.07,86.073,84.498,89.119
Houlton Regional Hospital,Equity Financing Ratio,0.233,0.213,0.258,0.303,0.261
Houlton Regional Hospital,Fixed Asset Financing,0.907,0.927,0.947,0.873,0.998
Houlton Regional Hospital,Cash Flow Divided by Total Debt,0.146,0.053,0.077,0.171,0.032
Houlton Regional Hospital,Cash Flow Divided by Total Debt with Operating Income Only,0.138,0.11,0.136,0.218,0.081
Houlton Regional Hospital,Debt Service Coverage Total,2.729,1.319,1.715,3.434,1.182
Houlton Regional Hospital,Debt Service Coverage Total with Operating Income Only,2.605,2.19,2.611,4.247,2.191
Houlton Regional Hospital,Total Margin,0.034,-0.012,0.008,0.055,-0.006
Houlton Regional Hospital,Operating Margin,0.029,0.021,0.038,0.075,0.021
Houlton Regional Hospital,Non Operating Revenue Margin,0.138,2.731,-3.89,-0.4,4.504
Houlton Regional Hospital,Return On Assets,0.045,-0.016,0.011,0.083,-0.008
Houlton Regional Hospital,Return On Equity,0.192,-0.077,0.044,0.275,-0.031
Houlton Regional Hospital,Markup,1.753,1.611,1.642,1.636,1.593
Houlton Regional Hospital,Deductible,0.403,0.357,0.349,0.341,0.339
Houlton Regional Hospital,Markup Adjustment for Deductible,1.063,1.044,1.076,1.083,1.057
Houlton Regional Hospital,Reported Income Index,1.414,4.942,0.239,1.256,10.459
Houlton Regional Hospital,Total Asset Turnover,1.32,1.321,1.42,1.514,1.322
Houlton Regional Hospital,Fixed Asset Turnover,2.636,2.959,3.382,3.801,3.397
Houlton Regional Hospital,Average Age Plant Depreciation Only,15.161,15.95,21.226,25.632,25.871
Houlton Regional Hospital,Total Operating Expense Growth,0.076,0.132,0.06,0.11,0.075
Houlton Regional Hospital,Total Operating Revenue Growth,0.138,0.122,0.078,0.155,0.015
Houlton Regional Hospital,Realized Gains Divided by Non-Operating Revenue,0.879,-0.044,0.001,0.09,0.237
Houlton Regional Hospital,Realized Gains Divided by Net Income,0.121,-0.119,-0.003,-0.036,1.066
Houlton Regional Hospital,Long Term Debt to Equity,1.94,2.012,1.586,1.174,1.528
Inland Hospital,Current Ratio with Board Designated and Undesignated Investments,1.397,1.638,1.35,1.476,1.476
Inland Hospital,Current Ratio without Board Designated and Undesignated Investments,1.018,1.18,0.954,1.036,0.834
Inland Hospital,Days in Accounts Receivable,32.566,28.386,29.823,33.66,25.927
Inland Hospital,Acid Test,0.19,0.295,0.128,0.122,0.162
Inland Hospital,"Days Cash on Hand, Current",18.038,24.754,9.319,8.283,11.34
Inland Hospital,"Days Cash on Hand, Incl Board Designated & Undesignated Investments",53.986,63.133,38.093,38.174,56.18
Inland Hospital,"Average Payment Period, Accounts Payable and Accrued Expenses",31.773,37.739,32.164,37.944,35.948
Inland Hospital,"Average Payment Period, Current Liabilities",94.979,83.813,72.529,67.999,69.898
Inland Hospital,Equity Financing Ratio,0.511,0.488,0.529,0.488,0.502
Inland Hospital,Fixed Asset Financing,0.358,0.489,0.373,0.524,0.491
Inland Hospital,Cash Flow Divided by Total Debt,0.402,0.047,0.217,0.206,0.198
Inland Hospital,Cash Flow Divided by Total Debt with Operating Income Only,0.39,0.044,0.198,0.194,0.213
Inland Hospital,Debt Service Coverage Total,5.806,0.481,3.147,3.842,3.676
Inland Hospital,Debt Service Coverage Total with Operating Income Only,5.646,0.464,2.912,3.638,3.92
Inland Hospital,Total Margin,0.096,-0.023,0.029,0.035,0.032
Inland Hospital,Operating Margin,0.092,-0.024,0.024,0.031,0.036
Inland Hospital,Non Operating Revenue Margin,0.04,-0.046,0.194,0.119,-0.152
Inland Hospital,Return On Assets,0.145,-0.031,0.044,0.053,0.048
Inland Hospital,Return On Equity,0.284,-0.063,0.084,0.108,0.096
Inland Hospital,Markup,1.792,1.794,1.807,1.873,1.821
Inland Hospital,Deductible,0.355,0.426,0.404,0.413,0.399
Inland Hospital,Markup Adjustment for Deductible,1.167,1.043,1.086,1.105,1.1
Inland Hospital,Reported Income Index,0.863,7.083,1.033,1.613,0.623
Inland Hospital,Total Asset Turnover,1.514,1.363,1.52,1.523,1.529
Inland Hospital,Fixed Asset Turnover,4.098,3.385,3.234,3.481,3.778
Inland Hospital,Average Age Plant Depreciation Only,12.157,7.802,8.243,8.622,8.824
Inland Hospital,Total Operating Expense Growth,0.157,0.056,0.065,0.156,0.157
Inland Hospital,Total Operating Revenue Growth,0.235,-0.064,0.117,0.164,0.164
Inland Hospital,Realized Gains Divided by Non-Operating Revenue,-0.019,1.613,0.113,0.759,0.072
Inland Hospital,Realized Gains Divided by Net Income,-0.001,-0.073,0.022,0.09,-0.011
Inland Hospital,Long Term Debt to Equity,0.258,0.403,0.33,0.467,0.397
Maine Coast Memorial Hospital,Current Ratio with Board Designated and Undesignated Investments,1.985,2.319,3.12,2.705,2.697
Maine Coast Memorial Hospital,Current Ratio without Board Designated and Undesignated Investments,1.669,1.99,2.652,2.218,2.414
Maine Coast Memorial Hospital,Days in Accounts Receivable,36.088,26.312,34.215,34.213,31.693
Maine Coast Memorial Hospital,Acid Test,0.918,1.036,1.795,1.136,1.542
Maine Coast Memorial Hospital,"Days Cash on Hand, Current",51.425,46.476,86.492,58.024,84.259
Maine Coast Memorial Hospital,"Days Cash on Hand, Incl Board Designated & Undesignated Investments",69.102,61.238,109.065,82.9,99.739
Maine Coast Memorial Hospital,"Average Payment Period, Accounts Payable and Accrued Expenses",44.056,40.855,43.589,46.893,50.291
Maine Coast Memorial Hospital,"Average Payment Period, Current Liabilities",56.036,44.84,48.189,51.058,54.638
Maine Coast Memorial Hospital,Equity Financing Ratio,0.527,0.565,0.556,0.611,0.542
Maine Coast Memorial Hospital,Fixed Asset Financing,0.449,0.438,0.42,0.422,0.549
Maine Coast Memorial Hospital,Cash Flow Divided by Total Debt,0.186,0.221,0.47,0.301,0.193
Maine Coast Memorial Hospital,Cash Flow Divided by Total Debt with Operating Income Only,0.159,0.188,0.214,0.26,0.198
Maine Coast Memorial Hospital,Debt Service Coverage Total,3.783,3.829,9.264,5.248,4.318
Maine Coast Memorial Hospital,Debt Service Coverage Total with Operating Income Only,3.299,3.329,4.461,4.599,4.419
Maine Coast Memorial Hospital,Total Margin,0.036,0.029,0.111,0.048,0.034
Maine Coast Memorial Hospital,Operating Margin,0.028,0.02,0.039,0.038,0.036
Maine Coast Memorial Hospital,Non Operating Revenue Margin,0.244,0.313,0.673,0.22,-0.051
Maine Coast Memorial Hospital,Return On Assets,0.051,0.046,0.169,0.072,0.046
Maine Coast Memorial Hospital,Return On Equity,0.097,0.081,0.304,0.118,0.084
Maine Coast Memorial Hospital,Markup,1.877,1.969,1.945,2.025,2.042
Maine Coast Memorial Hospital,Deductible,0.422,0.459,0.442,0.46,0.458
Maine Coast Memorial Hospital,Markup Adjustment for Deductible,1.104,1.086,1.107,1.112,1.117
Maine Coast Memorial Hospital,Reported Income Index,0.275,1.08,1.66,0.971,1.194
Maine Coast Memorial Hospital,Total Asset Turnover,1.402,1.578,1.523,1.516,1.337
Maine Coast Memorial Hospital,Fixed Asset Turnover,2.342,2.737,3.11,3.278,2.778
Maine Coast Memorial Hospital,Average Age Plant Depreciation Only,13.265,8.446,8.96,8.386,7.705
Maine Coast Memorial Hospital,Total Operating Expense Growth,0.093,0.142,0.099,0.105,0.085
Maine Coast Memorial Hospital,Total Operating Revenue Growth,0.098,0.133,0.121,0.103,0.082
Maine Coast Memorial Hospital,Realized Gains Divided by Non-Operating Revenue,-0.302,0.153,-0.002,-0.069,5.667
Maine Coast Memorial Hospital,Realized Gains Divided by Net Income,-0.073,0.048,-0.001,-0.015,-0.287
Maine Coast Memorial Hospital,Long Term Debt to Equity,0.506,0.443,0.342,0.316,0.488
MaineGeneral Medical Center,Current Ratio with Board Designated and Undesignated Investments,5.349,4.883,4.396,4.252,3.906
MaineGeneral Medical Center,Current Ratio without Board Designated and Undesignated Investments,2.14,1.459,1.328,1.847,2.219
MaineGeneral Medical Center,Days in Accounts Receivable,34.322,32.117,34.366,32.064,29.961
MaineGeneral Medical Center,Acid Test,0.264,0.3,0.127,0.287,0.844
MaineGeneral Medical Center,"Days Cash on Hand, Current",12.459,14.316,6.311,11.684,36.961
MaineGeneral Medical Center,"Days Cash on Hand, Incl Board Designated & Undesignated Investments",163.726,177.879,159.332,109.727,110.843
MaineGeneral Medical Center,"Average Payment Period, Accounts Payable and Accrued Expenses",26.201,24.677,30.327,25.855,32.013
MaineGeneral Medical Center,"Average Payment Period, Current Liabilities",47.136,47.763,49.877,40.775,43.784
MaineGeneral Medical Center,Equity Financing Ratio,0.648,0.638,0.686,0.668,0.599
MaineGeneral Medical Center,Fixed Asset Financing,0.478,0.605,0.417,0.364,0.347
MaineGeneral Medical Center,Cash Flow Divided by Total Debt,0.287,0.34,0.34,0.166,0.166
MaineGeneral Medical Center,Cash Flow Divided by Total Debt with Operating Income Only,0.248,0.231,0.248,0.135,0.263
MaineGeneral Medical Center,Debt Service Coverage Total,4.816,6.435,5.728,2.24,2.599
MaineGeneral Medical Center,Debt Service Coverage Total with Operating Income Only,4.211,4.474,4.27,1.887,3.932
MaineGeneral Medical Center,Total Margin,0.048,0.074,0.057,-0.013,-0.011
MaineGeneral Medical Center,Operating Margin,0.034,0.034,0.027,-0.024,0.025
MaineGeneral Medical Center,Non Operating Revenue Margin,0.297,0.558,0.544,-0.771,3.375
MaineGeneral Medical Center,Return On Assets,0.046,0.071,0.053,-0.013,-0.012
MaineGeneral Medical Center,Return On Equity,0.072,0.111,0.078,-0.02,-0.019
MaineGeneral Medical Center,Markup,1.837,1.828,1.83,1.832,1.962
MaineGeneral Medical Center,Deductible,0.403,0.404,0.402,0.433,0.455
MaineGeneral Medical Center,Markup Adjustment for Deductible,1.111,1.104,1.111,1.054,1.09
MaineGeneral Medical Center,Reported Income Index,0.803,0.94,0.524,0.238,0.115
MaineGeneral Medical Center,Total Asset Turnover,0.975,0.955,0.941,1.012,1.047
MaineGeneral Medical Center,Fixed Asset Turnover,2.735,2.455,1.989,1.967,2.15
MaineGeneral Medical Center,Average Age Plant Depreciation Only,8.505,8.606,8.427,7.589,7.349
MaineGeneral Medical Center,Total Operating Expense Growth,0.109,0.095,0.097,0.094,-0.014
MaineGeneral Medical Center,Total Operating Revenue Growth,0.093,0.095,0.089,0.041,0.036
MaineGeneral Medical Center,Realized Gains Divided by Non-Operating Revenue,-0.156,0.265,-0.178,-1.424,0.053
MaineGeneral Medical Center,Realized Gains Divided by Net Income,-0.047,0.148,-0.097,1.097,0.179
MaineGeneral Medical Center,Long Term Debt to Equity,0.26,0.353,0.278,0.277,0.293
Maine Medical Center,Current Ratio with Board Designated and Undesignated Investments,3.595,3.456,2.944,3.473,3.844
Maine Medical Center,Current Ratio without Board Designated and Undesignated Investments,2.866,2.752,2.419,2.74,3.019
Maine Medical Center,Days in Accounts Receivable,18.678,18.544,20.266,29.68,25.718
Maine Medical Center,Acid Test,2.216,2.3,1.92,2.102,2.391
Maine Medical Center,"Days Cash on Hand, Current",194.436,222.562,224.615,161.691,162.911
Maine Medical Center,"Days Cash on Hand, Incl Board Designated & Undesignated Investments",258.447,290.699,286.081,218.054,219.098
Maine Medical Center,"Average Payment Period, Accounts Payable and Accrued Expenses",35.831,35.712,37.665,35.591,35.364
Maine Medical Center,"Average Payment Period, Current Liabilities",87.746,96.771,117.012,76.933,68.14
Maine Medical Center,Equity Financing Ratio,0.712,0.622,0.602,0.607,0.509
Maine Medical Center,Fixed Asset Financing,0.305,0.534,0.409,0.336,0.301
Maine Medical Center,Cash Flow Divided by Total Debt,0.6,0.278,0.284,0.265,0.245
Maine Medical Center,Cash Flow Divided by Total Debt with Operating Income Only,0.495,0.215,0.222,0.227,0.214
Maine Medical Center,Debt Service Coverage Total,10.606,9.384,13.539,8.635,6.52
Maine Medical Center,Debt Service Coverage Total with Operating Income Only,8.811,7.334,10.678,7.461,5.723
Maine Medical Center,Total Margin,0.146,0.091,0.112,0.083,0.092
Maine Medical Center,Operating Margin,0.115,0.06,0.079,0.065,0.073
Maine Medical Center,Non Operating Revenue Margin,0.242,0.364,0.319,0.238,0.218
Maine Medical Center,Return On Assets,0.126,0.065,0.077,0.062,0.071
Maine Medical Center,Return On Equity,0.176,0.105,0.127,0.102,0.139
Maine Medical Center,Markup,1.703,1.665,1.693,1.719,1.803
Maine Medical Center,Deductible,0.331,0.321,0.331,0.347,0.367
Maine Medical Center,Markup Adjustment for Deductible,1.145,1.136,1.138,1.126,1.146
Maine Medical Center,Reported Income Index,1.39,3.091,1.998,-4.681,-1.111
Maine Medical Center,Total Asset Turnover,0.857,0.713,0.682,0.741,0.77
Maine Medical Center,Fixed Asset Turnover,2.301,1.987,1.671,1.568,1.617
Maine Medical Center,Average Age Plant Depreciation Only,8.451,7.969,8.701,7.916,6.79
Maine Medical Center,Total Operating Expense Growth,0.065,0.048,0.031,0.089,0.091
Maine Medical Center,Total Operating Revenue Growth,0.148,-0.013,0.053,0.072,0.101
Maine Medical Center,Realized Gains Divided by Non-Operating Revenue,0.097,0.034,-0.092,-0.292,-0.26
Maine Medical Center,Realized Gains Divided by Net Income,0.023,0.013,-0.029,-0.07,-0.057
Maine Medical Center,Long Term Debt to Equity,0.154,0.298,0.267,0.256,0.276
Mayo Regional Hospital,Current Ratio with Board Designated and Undesignated Investments,5.232,5.043,5.371,3.601,3.871
Mayo Regional Hospital,Current Ratio without Board Designated and Undesignated Investments,3.607,3.45,3.548,2.24,2.316
Mayo Regional Hospital,Days in Accounts Receivable,40.882,37.367,30.94,26.266,29.434
Mayo Regional Hospital,Acid Test,1.303,1.16,1.481,1.066,1.435
Mayo Regional Hospital,"Days Cash on Hand, Current",48.422,43.619,56.76,47.981,72.523
Mayo Regional Hospital,"Days Cash on Hand, Incl Board Designated & Undesignated Investments",108.785,103.509,126.611,109.255,151.099
Mayo Regional Hospital,"Average Payment Period, Accounts Payable and Accrued Expenses",30.733,31.217,32.278,39.286,32.517
Mayo Regional Hospital,"Average Payment Period, Current Liabilities",37.149,37.603,38.318,45.03,50.532
Mayo Regional Hospital,Equity Financing Ratio,0.645,0.655,0.69,0.698,0.714
Mayo Regional Hospital,Fixed Asset Financing,0.566,0.534,0.495,0.415,0.376
Mayo Regional Hospital,Cash Flow Divided by Total Debt,0.494,0.28,0.429,0.319,0.434
Mayo Regional Hospital,Cash Flow Divided by Total Debt with Operating Income Only,0.461,0.235,0.359,0.317,0.391
Mayo Regional Hospital,Debt Service Coverage Total,6.083,3.736,5.495,4.189,5.782
Mayo Regional Hospital,Debt Service Coverage Total with Operating Income Only,5.706,3.197,4.654,4.162,5.243
Mayo Regional Hospital,Total Margin,0.112,0.047,0.076,0.043,0.066
Mayo Regional Hospital,Operating Margin,0.104,0.033,0.058,0.042,0.056
Mayo Regional Hospital,Non Operating Revenue Margin,0.087,0.296,0.244,0.014,0.161
Mayo Regional Hospital,Return On Assets,0.134,0.053,0.089,0.05,0.076
Mayo Regional Hospital,Return On Equity,0.208,0.081,0.129,0.071,0.107
Mayo Regional Hospital,Markup,1.685,1.605,1.59,1.511,1.595
Mayo Regional Hospital,Deductible,0.324,0.338,0.311,0.294,0.318
Mayo Regional Hospital,Markup Adjustment for Deductible,1.153,1.074,1.106,1.076,1.099
Mayo Regional Hospital,Reported Income Index,0.995,1.041,1.005,1.028,1.007
Mayo Regional Hospital,Total Asset Turnover,1.193,1.141,1.174,1.154,1.162
Mayo Regional Hospital,Fixed Asset Turnover,2.659,2.534,2.843,2.782,3.045
Mayo Regional Hospital,Average Age Plant Depreciation Only,12.753,12.104,11.884,11.335,11.179
Mayo Regional Hospital,Total Operating Expense Growth,0.121,0.097,0.087,0.082,0.074
Mayo Regional Hospital,Total Operating Revenue Growth,0.127,0.017,0.116,0.064,0.089
Mayo Regional Hospital,Realized Gains Divided by Non-Operating Revenue,0.13,0.184,0.33,-19.879,0.122
Mayo Regional Hospital,Realized Gains Divided by Net Income,0.011,0.055,0.081,-0.27,0.02
Mayo Regional Hospital,Long Term Debt to Equity,0.39,0.362,0.291,0.247,0.199
Mercy Hospital,Current Ratio with Board Designated and Undesignated Investments,2.788,5.726,3.53,1.859,2.257
Mercy Hospital,Current Ratio without Board Designated and Undesignated Investments,1.605,1.946,1.563,1.214,1.413
Mercy Hospital,Days in Accounts Receivable,55.965,43.673,43.799,46.01,38.904
Mercy Hospital,Acid Test,0.126,0.415,0.65,-0.006,0.375
Mercy Hospital,"Days Cash on Hand, Current",7.797,24.496,43.96,-0.463,22.583
Mercy Hospital,"Days Cash on Hand, Incl Board Designated & Undesignated Investments",80.985,247.65,176.837,46.945,73.377
Mercy Hospital,"Average Payment Period, Accounts Payable and Accrued Expenses",30.63,44.82,46.988,44.705,34.133
Mercy Hospital,"Average Payment Period, Current Liabilities",61.865,59.033,67.583,73.531,60.185
Mercy Hospital,Equity Financing Ratio,0.682,0.463,0.462,0.435,0.493
Mercy Hospital,Fixed Asset Financing,0.283,1.437,0.885,0.571,0.593
Mercy Hospital,Cash Flow Divided by Total Debt,0.346,0.14,0.129,-0.039,0.18
Mercy Hospital,Cash Flow Divided by Total Debt with Operating Income Only,0.293,0.115,0.095,0.069,0.058
Mercy Hospital,Debt Service Coverage Total,5.75,6.976,9.553,-1.757,2.072
Mercy Hospital,Debt Service Coverage Total with Operating Income Only,4.922,5.773,7.114,4.799,0.831
Mercy Hospital,Total Margin,0.043,0.047,0.044,-0.081,0.036
Mercy Hospital,Operating Margin,0.028,0.03,0.021,-0.003,-0.029
Mercy Hospital,Non Operating Revenue Margin,0.348,0.375,0.523,0.955,1.763
Mercy Hospital,Return On Assets,0.049,0.037,0.035,-0.064,0.035
Mercy Hospital,Return On Equity,0.071,0.079,0.076,-0.147,0.071
Mercy Hospital,Markup,1.778,1.762,1.824,1.804,1.772
Mercy Hospital,Deductible,0.393,0.389,0.394,0.396,0.4
Mercy Hospital,Markup Adjustment for Deductible,1.09,1.084,1.114,1.1,1.071
Mercy Hospital,Reported Income Index,1.119,0.932,1.366,2.411,0.6
Mercy Hospital,Total Asset Turnover,1.133,0.782,0.802,0.793,0.978
Mercy Hospital,Fixed Asset Turnover,2.738,2.757,1.855,1.453,1.643
Mercy Hospital,Average Age Plant Depreciation Only,7.319,7.894,8.94,7.888,6.523
Mercy Hospital,Total Operating Expense Growth,0.069,0.106,0.091,0.119,0.102
Mercy Hospital,Total Operating Revenue Growth,0.064,0.108,0.081,0.091,0.074
Mercy Hospital,Realized Gains Divided by Non-Operating Revenue,0.52,0.529,0.328,0.132,-0.037
Mercy Hospital,Realized Gains Divided by Net Income,0.181,0.198,0.171,0.126,-0.065
Mercy Hospital,Long Term Debt to Equity,0.169,0.866,0.81,0.772,0.672
Mid Coast Hospital,Current Ratio with Board Designated and Undesignated Investments,3.955,4.553,4.33,4.101,3.372
Mid Coast Hospital,Current Ratio without Board Designated and Undesignated Investments,1.801,1.674,1.556,1.372,1.655
Mid Coast Hospital,Days in Accounts Receivable,21.582,24.537,24.807,29.788,29.428
Mid Coast Hospital,Acid Test,0.977,0.813,0.663,0.33,0.828
Mid Coast Hospital,"Days Cash on Hand, Current",48.739,41.8,35.938,15.656,49.226
Mid Coast Hospital,"Days Cash on Hand, Incl Board Designated & Undesignated Investments",156.16,189.873,186.384,145.291,151.344
Mid Coast Hospital,"Average Payment Period, Accounts Payable and Accrued Expenses",39.894,40.447,39.804,43.631,52.569
Mid Coast Hospital,"Average Payment Period, Current Liabilities",49.87,51.43,54.243,47.508,59.452
Mid Coast Hospital,Equity Financing Ratio,0.557,0.601,0.608,0.62,0.556
Mid Coast Hospital,Fixed Asset Financing,0.601,0.585,0.561,0.507,0.568
Mid Coast Hospital,Cash Flow Divided by Total Debt,0.244,0.338,0.253,0.193,0.169
Mid Coast Hospital,Cash Flow Divided by Total Debt with Operating Income Only,0.213,0.272,0.186,0.136,0.149
Mid Coast Hospital,Debt Service Coverage Total,2.857,4.094,3.526,2.685,5.372
Mid Coast Hospital,Debt Service Coverage Total with Operating Income Only,2.556,3.385,2.713,2.005,4.781
Mid Coast Hospital,Total Margin,0.071,0.103,0.069,0.033,0.041
Mid Coast Hospital,Operating Margin,0.056,0.076,0.041,0.01,0.031
Mid Coast Hospital,Non Operating Revenue Margin,0.223,0.291,0.428,0.694,0.255
Mid Coast Hospital,Return On Assets,0.062,0.091,0.061,0.031,0.036
Mid Coast Hospital,Return On Equity,0.111,0.152,0.101,0.05,0.064
Mid Coast Hospital,Markup,1.937,1.937,1.811,1.818,1.899
Mid Coast Hospital,Deductible,0.439,0.414,0.419,0.431,0.433
Mid Coast Hospital,Markup Adjustment for Deductible,1.099,1.145,1.063,1.048,1.091
Mid Coast Hospital,Reported Income Index,0.916,0.983,1.206,23.586,1.043
Mid Coast Hospital,Total Asset Turnover,0.872,0.884,0.888,0.96,0.87
Mid Coast Hospital,Fixed Asset Turnover,1.69,1.929,2.045,2.06,1.722
Mid Coast Hospital,Average Age Plant Depreciation Only,4.753,5.601,6.998,7.338,7.463
Mid Coast Hospital,Total Operating Expense Growth,0.06,0.073,0.124,0.105,0.067
Mid Coast Hospital,Total Operating Revenue Growth,0.084,0.095,0.083,0.071,0.09
Mid Coast Hospital,Realized Gains Divided by Non-Operating Revenue,0.01,0.054,0.009,0.053,-0.176
Mid Coast Hospital,Realized Gains Divided by Net Income,0.002,0.016,0.004,0.037,-0.045
Mid Coast Hospital,Long Term Debt to Equity,0.549,0.433,0.389,0.372,0.511
Miles Memorial Hospital,Current Ratio with Board Designated and Undesignated Investments,1.478,1.647,1.25,1.637,1.114
Miles Memorial Hospital,Current Ratio without Board Designated and Undesignated Investments,1.264,1.499,1.191,1.52,0.933
Miles Memorial Hospital,Days in Accounts Receivable,52.249,55.567,56.111,60.123,43.31
Miles Memorial Hospital,Acid Test,0.069,0.291,0.068,0.384,0.366
Miles Memorial Hospital,"Days Cash on Hand, Current",3.884,22.418,13.401,24.343,36.258
Miles Memorial Hospital,"Days Cash on Hand, Incl Board Designated & Undesignated Investments",15.895,33.806,25.02,31.711,54.245
Miles Memorial Hospital,"Average Payment Period, Accounts Payable and Accrued Expenses",17.859,18.09,17.869,18.056,25.3
Miles Memorial Hospital,"Average Payment Period, Current Liabilities",56.187,77.101,198.024,63.362,99.016
Miles Memorial Hospital,Equity Financing Ratio,0.515,0.511,0.344,0.541,0.47
Miles Memorial Hospital,Fixed Asset Financing,0.393,0.387,0.382,0.371,0.299
Miles Memorial Hospital,Cash Flow Divided by Total Debt,0.187,0.244,0.051,0.219,0.061
Miles Memorial Hospital,Cash Flow Divided by Total Debt with Operating Income Only,0.172,0.235,0.034,0.172,0.095
Miles Memorial Hospital,Debt Service Coverage Total,4.788,6.05,2.869,5.107,1.919
Miles Memorial Hospital,Debt Service Coverage Total with Operating Income Only,4.447,5.852,2.091,4.127,2.75
Miles Memorial Hospital,Total Margin,0.027,0.05,0,0.029,-0.017
Miles Memorial Hospital,Operating Margin,0.022,0.047,-0.011,0.016,-0.004
Miles Memorial Hospital,Non Operating Revenue Margin,0.181,0.061,-47.479,0.455,0.78
Miles Memorial Hospital,Return On Assets,0.041,0.071,0,0.047,-0.023
Miles Memorial Hospital,Return On Equity,0.08,0.139,-0.001,0.086,-0.05
Miles Memorial Hospital,Markup,1.972,2.057,1.936,1.919,1.977
Miles Memorial Hospital,Deductible,0.453,0.438,0.443,0.42,0.443
Miles Memorial Hospital,Markup Adjustment for Deductible,1.089,1.172,1.089,1.119,1.108
Miles Memorial Hospital,Reported Income Index,0.185,0.874,-0.025,2.355,0.931
Miles Memorial Hospital,Total Asset Turnover,1.5,1.412,0.994,1.604,1.368
Miles Memorial Hospital,Fixed Asset Turnover,2.243,2.621,2.898,3.101,2.586
Miles Memorial Hospital,Average Age Plant Depreciation Only,13.378,12.513,12.66,12.714,13.133
Miles Memorial Hospital,Total Operating Expense Growth,0.364,0.1,0.133,0.033,-0.024
Miles Memorial Hospital,Total Operating Revenue Growth,0.373,0.129,0.067,0.061,-0.043
Miles Memorial Hospital,Realized Gains Divided by Non-Operating Revenue,,0.455,0.156,0.796,1.26
Miles Memorial Hospital,Realized Gains Divided by Net Income,,0.028,-7.413,0.362,0.982
Miles Memorial Hospital,Long Term Debt to Equity,0.508,0.407,0.377,0.351,0.341
Millinocket Regional Hospital,Current Ratio with Board Designated and Undesignated Investments,4.662,5.39,8.972,8.889,4.093
Millinocket Regional Hospital,Current Ratio without Board Designated and Undesignated Investments,1.281,1.698,3.349,3.665,2.402
Millinocket Regional Hospital,Days in Accounts Receivable,32.648,38.533,35.298,35.781,36.625
Millinocket Regional Hospital,Acid Test,0.067,0.066,0.536,0.848,1.075
Millinocket Regional Hospital,"Days Cash on Hand, Current",2.677,2.124,9.658,15.902,52.944
Millinocket Regional Hospital,"Days Cash on Hand, Incl Board Designated & Undesignated Investments",137.18,120.574,110.943,113.926,136.204
Millinocket Regional Hospital,"Average Payment Period, Accounts Payable and Accrued Expenses",31.727,37.852,31.596,29.625,29.698
Millinocket Regional Hospital,"Average Payment Period, Current Liabilities",39.785,32.089,18.013,18.763,49.251
Millinocket Regional Hospital,Equity Financing Ratio,0.645,0.676,0.753,0.71,0.632
Millinocket Regional Hospital,Fixed Asset Financing,0.877,0.883,0.666,0.93,1.309
Millinocket Regional Hospital,Cash Flow Divided by Total Debt,0.169,0.277,0.504,0.302,0.144
Millinocket Regional Hospital,Cash Flow Divided by Total Debt with Operating Income Only,0.12,0.159,0.359,0.196,0.189
Millinocket Regional Hospital,Debt Service Coverage Total,3.566,4.856,8.15,5.655,3.696
Millinocket Regional Hospital,Debt Service Coverage Total with Operating Income Only,2.714,3.038,5.968,3.882,4.694
Millinocket Regional Hospital,Total Margin,0.01,0.033,0.056,0.035,0.014
Millinocket Regional Hospital,Operating Margin,-0.003,0.008,0.034,0.015,0.026
Millinocket Regional Hospital,Non Operating Revenue Margin,1.252,0.76,0.404,0.583,-0.835
Millinocket Regional Hospital,Return On Assets,0.014,0.05,0.089,0.053,0.02
Millinocket Regional Hospital,Return On Equity,0.021,0.074,0.118,0.074,0.032
Millinocket Regional Hospital,Markup,1.579,1.603,1.635,1.612,1.636
Millinocket Regional Hospital,Deductible,0.341,0.347,0.347,0.338,0.34
Millinocket Regional Hospital,Markup Adjustment for Deductible,1.052,1.057,1.075,1.072,1.084
Millinocket Regional Hospital,Reported Income Index,0.628,1.395,0.837,5.382,-1.44
Millinocket Regional Hospital,Total Asset Turnover,1.378,1.54,1.596,1.508,1.406
Millinocket Regional Hospital,Fixed Asset Turnover,5.642,6.757,5.945,6.338,10.038
Millinocket Regional Hospital,Average Age Plant Depreciation Only,18.585,20.668,21.102,20.3,19.281
Millinocket Regional Hospital,Total Operating Expense Growth,0.151,0.1,0.058,0.038,0.047
Millinocket Regional Hospital,Total Operating Revenue Growth,0.073,0.111,0.086,0.018,0.059
Millinocket Regional Hospital,Realized Gains Divided by Non-Operating Revenue,0.651,0.575,0.625,0.735,1.505
Millinocket Regional Hospital,Realized Gains Divided by Net Income,0.816,0.437,0.252,0.429,-1.257
Millinocket Regional Hospital,Long Term Debt to Equity,0.328,0.29,0.232,0.305,0.294
Mount Desert Island Hospital,Current Ratio with Board Designated and Undesignated Investments,1.787,1.551,1.764,1.139,1.247
Mount Desert Island Hospital,Current Ratio without Board Designated and Undesignated Investments,0.93,0.832,0.897,0.634,0.758
Mount Desert Island Hospital,Days in Accounts Receivable,31.788,28.413,30.937,31.339,39.741
Mount Desert Island Hospital,Acid Test,0.017,0.033,0.093,0.28,0.143
Mount Desert Island Hospital,"Days Cash on Hand, Current",1.319,3.021,7.205,30.38,13.645
Mount Desert Island Hospital,"Days Cash on Hand, Incl Board Designated & Undesignated Investments",67.386,69.789,74.075,85.131,60.503
Mount Desert Island Hospital,"Average Payment Period, Accounts Payable and Accrued Expenses",69.174,50.914,44.973,49.084,47.111
Mount Desert Island Hospital,"Average Payment Period, Current Liabilities",77.113,92.844,77.096,108.499,95.72
Mount Desert Island Hospital,Equity Financing Ratio,0.641,0.533,0.56,0.415,0.442
Mount Desert Island Hospital,Fixed Asset Financing,0.299,0.244,0.292,0.561,0.466
Mount Desert Island Hospital,Cash Flow Divided by Total Debt,0.145,0.136,0.256,0.053,0.091
Mount Desert Island Hospital,Cash Flow Divided by Total Debt with Operating Income Only,0.095,0.028,0.147,-0.033,0.071
Mount Desert Island Hospital,Debt Service Coverage Total,1.799,1.896,2.721,1.819,1.78
Mount Desert Island Hospital,Debt Service Coverage Total with Operating Income Only,1.294,0.648,1.71,-0.272,1.483
Mount Desert Island Hospital,Total Margin,-0.009,-0.003,0.036,-0.013,
Mount Desert Island Hospital,Operating Margin,-0.024,-0.04,0.004,-0.062,-0.009
Mount Desert Island Hospital,Non Operating Revenue Margin,-1.538,-12.819,0.887,-3.726,52.37
Mount Desert Island Hospital,Return On Assets,-0.011,-0.004,0.054,-0.013,
Mount Desert Island Hospital,Return On Equity,-0.018,-0.007,0.096,-0.032,
Mount Desert Island Hospital,Markup,1.364,1.329,1.323,1.242,1.335
Mount Desert Island Hospital,Deductible,0.245,0.234,0.206,0.214,0.215
Mount Desert Island Hospital,Markup Adjustment for Deductible,1.037,1.022,1.056,0.98,1.05
Mount Desert Island Hospital,Reported Income Index,1.633,0.025,0.779,-0.403,0.012
Mount Desert Island Hospital,Total Asset Turnover,1.22,1.432,1.517,1.065,1.189
Mount Desert Island Hospital,Fixed Asset Turnover,3.202,3.376,3.675,2.308,2.414
Mount Desert Island Hospital,Average Age Plant Depreciation Only,9.272,10.309,12.001,11.646,11.312
Mount Desert Island Hospital,Total Operating Expense Growth,0.098,0.086,0.105,0.08,0.077
Mount Desert Island Hospital,Total Operating Revenue Growth,0.042,0.07,0.154,0.013,0.134
Mount Desert Island Hospital,Realized Gains Divided by Non-Operating Revenue,0.536,0.465,0.188,0.015,
Mount Desert Island Hospital,Realized Gains Divided by Net Income,-0.825,-5.959,0.167,-0.054,
Mount Desert Island Hospital,Long Term Debt to Equity,0.175,0.187,0.208,0.594,0.514
New England Rehabilitation Hospital,Current Ratio with Board Designated and Undesignated Investments,2.435,3.957,7.003,3.341,1.806
New England Rehabilitation Hospital,Current Ratio without Board Designated and Undesignated Investments,2.435,3.957,7.003,3.341,1.806
New England Rehabilitation Hospital,Days in Accounts Receivable,45.349,54.071,39.365,44.509,33.867
New England Rehabilitation Hospital,Acid Test,-0.363,1.21,5.258,1.939,1.166
New England Rehabilitation Hospital,"Days Cash on Hand, Current",-7.5,30.539,193.823,95.237,83.756
New England Rehabilitation Hospital,"Days Cash on Hand, Incl Board Designated & Undesignated Investments",-7.5,30.539,193.823,95.237,83.756
New England Rehabilitation Hospital,"Average Payment Period, Accounts Payable and Accrued Expenses",15.947,17.025,27.064,26.612,19.548
New England Rehabilitation Hospital,"Average Payment Period, Current Liabilities",20.678,25.232,36.86,49.118,71.821
New England Rehabilitation Hospital,Equity Financing Ratio,0.144,0.257,0.362,0.302,0.201
New England Rehabilitation Hospital,Fixed Asset Financing,1.032,0.971,0.988,0.994,0.989
New England Rehabilitation Hospital,Cash Flow Divided by Total Debt,0.342,0.41,0.342,0.411,0.268
New England Rehabilitation Hospital,Cash Flow Divided by Total Debt with Operating Income Only,0.331,0.393,0.326,0.4,0.267
New England Rehabilitation Hospital,Debt Service Coverage Total,5.64,7.231,5.449,5.404,3.766
New England Rehabilitation Hospital,Debt Service Coverage Total with Operating Income Only,5.492,6.965,5.236,5.288,3.757
New England Rehabilitation Hospital,Total Margin,0.165,0.188,0.181,0.181,0.117
New England Rehabilitation Hospital,Operating Margin,0.16,0.18,0.172,0.177,0.116
New England Rehabilitation Hospital,Non Operating Revenue Margin,0.038,0.049,0.056,0.029,0.003
New England Rehabilitation Hospital,Return On Assets,0.246,0.265,0.187,0.247,0.168
New England Rehabilitation Hospital,Return On Equity,1.71,1.03,0.516,0.817,0.835
New England Rehabilitation Hospital,Markup,1.979,1.832,1.671,1.695,1.755
New England Rehabilitation Hospital,Deductible,0.364,0.323,0.264,0.273,0.344
New England Rehabilitation Hospital,Markup Adjustment for Deductible,1.262,1.248,1.23,1.233,1.158
New England Rehabilitation Hospital,Reported Income Index,1.719,2.091,1.03,-1.519,-1.189
New England Rehabilitation Hospital,Total Asset Turnover,1.488,1.412,1.035,1.36,1.438
New England Rehabilitation Hospital,Fixed Asset Turnover,1.936,2.213,2.427,2.613,2.546
New England Rehabilitation Hospital,Average Age Plant Depreciation Only,2.982,3.985,4.277,5.216,6.104
New England Rehabilitation Hospital,Total Operating Expense Growth,0.015,0.018,0.054,0.024,0.008
New England Rehabilitation Hospital,Total Operating Revenue Growth,-0.01,0.042,0.044,0.03,-0.061
New England Rehabilitation Hospital,Long Term Debt to Equity,5.477,2.386,1.151,1.705,2.781
Northern Maine Medical Center,Current Ratio with Board Designated and Undesignated Investments,2.023,2.093,1.882,1.462,1.737
Northern Maine Medical Center,Current Ratio without Board Designated and Undesignated Investments,2.023,2.093,1.882,1.462,1.648
Northern Maine Medical Center,Days in Accounts Receivable,33.553,39.704,29.574,30.402,35.104
Northern Maine Medical Center,Acid Test,0.699,0.666,0.986,0.687,0.638
Northern Maine Medical Center,"Days Cash on Hand, Current",32.034,33.392,49.616,37.288,33.284
Northern Maine Medical Center,"Days Cash on Hand, Incl Board Designated & Undesignated Investments",32.034,33.392,49.616,37.288,37.942
Northern Maine Medical Center,"Average Payment Period, Accounts Payable and Accrued Expenses",38.383,43.728,38.884,43.486,40.623
Northern Maine Medical Center,"Average Payment Period, Current Liabilities",45.83,50.148,50.313,54.292,52.185
Northern Maine Medical Center,Equity Financing Ratio,0.571,0.587,0.59,0.555,0.542
Northern Maine Medical Center,Fixed Asset Financing,0.466,0.437,0.411,0.455,0.475
Northern Maine Medical Center,Cash Flow Divided by Total Debt,0.297,0.386,0.285,0.105,0.071
Northern Maine Medical Center,Cash Flow Divided by Total Debt with Operating Income Only,0.288,0.328,0.26,0.09,0.019
Northern Maine Medical Center,Debt Service Coverage Total,3.26,4.241,3.816,1.203,1.435
Northern Maine Medical Center,Debt Service Coverage Total with Operating Income Only,3.175,3.654,3.526,1.074,0.746
Northern Maine Medical Center,Total Margin,0.033,0.06,0.042,-0.004,-0.02
Northern Maine Medical Center,Operating Margin,0.031,0.046,0.036,-0.009,-0.038
Northern Maine Medical Center,Non Operating Revenue Margin,0.064,0.244,0.152,-1.11,-0.873
Northern Maine Medical Center,Return On Assets,0.058,0.098,0.065,-0.006,-0.027
Northern Maine Medical Center,Return On Equity,0.101,0.167,0.11,-0.011,-0.05
Northern Maine Medical Center,Markup,1.594,1.581,1.557,1.496,1.507
Northern Maine Medical Center,Deductible,0.344,0.343,0.345,0.344,0.343
Northern Maine Medical Center,Markup Adjustment for Deductible,1.055,1.048,1.03,0.989,0.997
Northern Maine Medical Center,Reported Income Index,0.982,1,1,1,1.504
Northern Maine Medical Center,Total Asset Turnover,1.738,1.637,1.544,1.412,1.342
Northern Maine Medical Center,Fixed Asset Turnover,3.56,3.35,2.961,2.642,2.314
Northern Maine Medical Center,Average Age Plant Depreciation Only,7.922,8.516,10.067,10.291,9.889
Northern Maine Medical Center,Total Operating Expense Growth,0.11,0.071,0.074,0.009,-0.044
Northern Maine Medical Center,Total Operating Revenue Growth,0.066,0.087,0.062,-0.035,-0.071
Northern Maine Medical Center,Long Term Debt to Equity,0.397,0.359,0.361,0.437,0.498
Parkview Adventist Medical Center,Current Ratio with Board Designated and Undesignated Investments,1.032,1.097,0.415,0.398,0.399
Parkview Adventist Medical Center,Current Ratio without Board Designated and Undesignated Investments,1.032,1.097,0.415,0.398,0.399
Parkview Adventist Medical Center,Days in Accounts Receivable,52.791,38.3,44.63,38.128,36.971
Parkview Adventist Medical Center,Acid Test,0.023,0.026,0.023,0.009,0.093
Parkview Adventist Medical Center,"Days Cash on Hand, Current",2.286,2.453,3.206,1.231,15.765
Parkview Adventist Medical Center,"Days Cash on Hand, Incl Board Designated & Undesignated Investments",2.286,2.453,3.206,1.231,15.765
Parkview Adventist Medical Center,"Average Payment Period, Accounts Payable and Accrued Expenses",60.016,59.722,76.412,51.053,72.983
Parkview Adventist Medical Center,"Average Payment Period, Current Liabilities",98.218,92.705,142.426,130.876,169.187
Parkview Adventist Medical Center,Equity Financing Ratio,0.385,0.408,0.048,-0.226,-0.335
Parkview Adventist Medical Center,Fixed Asset Financing,0.313,0.298,0.242,0.382,0.312
Parkview Adventist Medical Center,Cash Flow Divided by Total Debt,0.173,0.194,-0.328,-0.125,-0.014
Parkview Adventist Medical Center,Cash Flow Divided by Total Debt with Operating Income Only,0.154,0.171,-0.336,-0.168,-0.036
Parkview Adventist Medical Center,Debt Service Coverage Total,2.636,3.153,-6.665,-0.951,0.012
Parkview Adventist Medical Center,Debt Service Coverage Total with Operating Income Only,2.399,2.837,-6.844,-1.375,-0.055
Parkview Adventist Medical Center,Total Margin,0.017,0.019,-0.222,-0.113,-0.054
Parkview Adventist Medical Center,Operating Margin,0.011,0.012,-0.227,-0.136,-0.066
Parkview Adventist Medical Center,Non Operating Revenue Margin,0.374,0.37,-0.019,-0.178,-0.209
Parkview Adventist Medical Center,Return On Assets,0.031,0.036,-0.405,-0.297,-0.137
Parkview Adventist Medical Center,Return On Equity,0.08,0.089,-8.502,1.314,0.409
Parkview Adventist Medical Center,Markup,2.125,2.135,1.942,2.114,2.174
Parkview Adventist Medical Center,Deductible,0.497,0.502,0.53,0.547,0.565
Parkview Adventist Medical Center,Markup Adjustment for Deductible,1.073,1.067,0.916,0.961,0.951
Parkview Adventist Medical Center,Reported Income Index,1,0.908,1,1,1
Parkview Adventist Medical Center,Total Asset Turnover,1.812,1.895,1.825,2.633,2.53
Parkview Adventist Medical Center,Fixed Asset Turnover,3.607,4.007,3.758,4.339,5.107
Parkview Adventist Medical Center,Average Age Plant Depreciation Only,6.967,7.449,7.984,8.662,10.224
Parkview Adventist Medical Center,Total Operating Expense Growth,0.118,0.091,0.082,-0.118,0.04
Parkview Adventist Medical Center,Total Operating Revenue Growth,0.18,0.092,-0.129,-0.047,0.108
Parkview Adventist Medical Center,Long Term Debt to Equity,0.406,0.343,2.46,-1.004,-0.457
Penobscot Bay Medical Center,Current Ratio with Board Designated and Undesignated Investments,4.237,3.57,2.721,3.104,2.664
Penobscot Bay Medical Center,Current Ratio without Board Designated and Undesignated Investments,4.237,3.57,2.721,3.104,2.664
Penobscot Bay Medical Center,Days in Accounts Receivable,42.826,41.756,42.895,50.099,46.38
Penobscot Bay Medical Center,Acid Test,2.544,2.184,0.864,1.315,0.854
Penobscot Bay Medical Center,"Days Cash on Hand, Current",104.626,97.648,37.532,58.068,36.984
Penobscot Bay Medical Center,"Days Cash on Hand, Incl Board Designated & Undesignated Investments",104.626,97.648,37.532,58.068,36.984
Penobscot Bay Medical Center,"Average Payment Period, Accounts Payable and Accrued Expenses",35.848,39.905,38.774,39.119,38.598
Penobscot Bay Medical Center,"Average Payment Period, Current Liabilities",41.131,44.72,43.453,44.149,43.292
Penobscot Bay Medical Center,Equity Financing Ratio,0.615,0.625,0.606,0.576,0.54
Penobscot Bay Medical Center,Fixed Asset Financing,0.578,0.531,0.474,0.586,0.64
Penobscot Bay Medical Center,Cash Flow Divided by Total Debt,0.37,0.264,0.198,0.202,0.15
Penobscot Bay Medical Center,Cash Flow Divided by Total Debt with Operating Income Only,0.327,0.178,0.139,0.151,0.122
Penobscot Bay Medical Center,Debt Service Coverage Total,5.331,4.148,3.336,3.718,2.907
Penobscot Bay Medical Center,Debt Service Coverage Total with Operating Income Only,4.767,2.949,2.483,2.903,2.457
Penobscot Bay Medical Center,Total Margin,0.068,0.032,0.016,0.02,0.009
Penobscot Bay Medical Center,Operating Margin,0.054,0.005,-0.002,0.003,-0.001
Penobscot Bay Medical Center,Non Operating Revenue Margin,0.211,0.841,1.127,0.835,1.057
Penobscot Bay Medical Center,Return On Assets,0.079,0.039,0.021,0.026,0.012
Penobscot Bay Medical Center,Return On Equity,0.128,0.062,0.034,0.044,0.022
Penobscot Bay Medical Center,Markup,1.867,1.788,1.838,1.925,1.847
Penobscot Bay Medical Center,Deductible,0.447,0.425,0.447,0.453,0.458
Penobscot Bay Medical Center,Markup Adjustment for Deductible,1.063,1.061,1.048,1.081,1.023
Penobscot Bay Medical Center,Reported Income Index,0.962,0.917,-2.157,0.956,2.101
Penobscot Bay Medical Center,Total Asset Turnover,1.161,1.188,1.292,1.264,1.301
Penobscot Bay Medical Center,Fixed Asset Turnover,2.444,2.54,2.41,2.592,2.628
Penobscot Bay Medical Center,Average Age Plant Depreciation Only,11.008,11.811,12.958,12.251,12.762
Penobscot Bay Medical Center,Total Operating Expense Growth,0.044,0.121,0.122,0.074,0.122
Penobscot Bay Medical Center,Total Operating Revenue Growth,0.091,0.066,0.114,0.08,0.118
Penobscot Bay Medical Center,Realized Gains Divided by Non-Operating Revenue,0.107,0.059,0.114,0.14,-0.048
Penobscot Bay Medical Center,Realized Gains Divided by Net Income,0.023,0.05,0.128,0.117,-0.051
Penobscot Bay Medical Center,Long Term Debt to Equity,0.44,0.387,0.412,0.488,0.58
Penobscot Valley Hospital,Current Ratio with Board Designated and Undesignated Investments,1.281,1.25,1.088,1.407,1.351
Penobscot Valley Hospital,Current Ratio without Board Designated and Undesignated Investments,1.04,1.097,0.818,1.202,1.155
Penobscot Valley Hospital,Days in Accounts Receivable,41.453,34.702,36.906,35.4,35.435
Penobscot Valley Hospital,Acid Test,0.094,0.022,0.026,0.026,0.402
Penobscot Valley Hospital,"Days Cash on Hand, Current",9.808,2.912,2.673,2.566,32.04
Penobscot Valley Hospital,"Days Cash on Hand, Incl Board Designated & Undesignated Investments",34.874,23.275,30.351,23.101,47.636
Penobscot Valley Hospital,"Average Payment Period, Accounts Payable and Accrued Expenses",48.956,69.874,48.071,48.85,46.704
Penobscot Valley Hospital,"Average Payment Period, Current Liabilities",104.007,133.138,102.616,100.166,79.62
Penobscot Valley Hospital,Equity Financing Ratio,0.292,0.209,0.259,0.244,0.257
Penobscot Valley Hospital,Fixed Asset Financing,0.479,0.782,0.877,0.84,0.822
Penobscot Valley Hospital,Cash Flow Divided by Total Debt,0.127,0.077,0.107,0.049,0.075
Penobscot Valley Hospital,Cash Flow Divided by Total Debt with Operating Income Only,0.115,0.073,0.102,0.051,0.078
Penobscot Valley Hospital,Debt Service Coverage Total,2.672,1.656,2.232,1.29,2.059
Penobscot Valley Hospital,Debt Service Coverage Total with Operating Income Only,2.452,1.572,2.155,1.331,2.107
Penobscot Valley Hospital,Total Margin,0.021,0.024,0.025,-0.01,0.001
Penobscot Valley Hospital,Operating Margin,0.017,0.021,0.023,-0.009,0.003
Penobscot Valley Hospital,Non Operating Revenue Margin,0.218,0.121,0.104,0.127,-0.833
Penobscot Valley Hospital,Return On Assets,0.039,0.03,0.034,-0.014,0.002
Penobscot Valley Hospital,Return On Equity,0.134,0.144,0.132,-0.058,0.008
Penobscot Valley Hospital,Markup,1.576,1.436,1.392,1.323,1.474
Penobscot Valley Hospital,Deductible,0.317,0.271,0.195,0.181,0.256
Penobscot Valley Hospital,Markup Adjustment for Deductible,1.088,1.057,1.125,1.086,1.099
Penobscot Valley Hospital,Reported Income Index,1.265,0.813,0.654,0.62,0.216
Penobscot Valley Hospital,Total Asset Turnover,1.817,1.252,1.37,1.434,1.506
Penobscot Valley Hospital,Fixed Asset Turnover,4.911,2.734,3.169,3.239,2.901
Penobscot Valley Hospital,Average Age Plant Depreciation Only,17.096,16.827,12.504,11.7,11.213
Penobscot Valley Hospital,Total Operating Expense Growth,0.073,0.167,0.104,0.053,0.029
Penobscot Valley Hospital,Total Operating Revenue Growth,0.017,0.172,0.105,0.02,0.04
Penobscot Valley Hospital,Realized Gains Divided by Non-Operating Revenue,0.365,0.564,0.819,0.703,0.987
Penobscot Valley Hospital,Realized Gains Divided by Net Income,0.079,0.068,0.085,0.089,-0.822
Penobscot Valley Hospital,Long Term Debt to Equity,0.606,1.711,1.46,1.525,1.665
Redington-Fairview General Hospital,Current Ratio with Board Designated and Undesignated Investments,7.806,10.995,7.388,5.638,4.994
Redington-Fairview General Hospital,Current Ratio without Board Designated and Undesignated Investments,5.363,7.996,5.483,4.207,3.819
Redington-Fairview General Hospital,Days in Accounts Receivable,62.191,72.451,50.017,50.383,43.762
Redington-Fairview General Hospital,Acid Test,3.332,4.421,3.8,2.449,2.395
Redington-Fairview General Hospital,"Days Cash on Hand, Current",152.401,170.357,221.522,164.362,172.411
Redington-Fairview General Hospital,"Days Cash on Hand, Incl Board Designated & Undesignated Investments",264.166,285.89,332.599,260.377,257.027
Redington-Fairview General Hospital,"Average Payment Period, Accounts Payable and Accrued Expenses",42.78,36.755,52.031,58.409,63.521
Redington-Fairview General Hospital,"Average Payment Period, Current Liabilities",45.738,38.529,58.293,67.102,71.992
Redington-Fairview General Hospital,Equity Financing Ratio,0.81,0.849,0.774,0.554,0.524
Redington-Fairview General Hospital,Fixed Asset Financing,0.466,0.472,0.438,1.215,0.8
Redington-Fairview General Hospital,Cash Flow Divided by Total Debt,0.421,1.24,0.538,0.172,0.169
Redington-Fairview General Hospital,Cash Flow Divided by Total Debt with Operating Income Only,0.253,1.014,0.379,0.12,0.126
Redington-Fairview General Hospital,Debt Service Coverage Total,7.148,18.629,18.321,16.286,8.929
Redington-Fairview General Hospital,Debt Service Coverage Total with Operating Income Only,4.484,15.325,13.056,11.537,6.714
Redington-Fairview General Hospital,Total Margin,0.05,0.173,0.111,0.087,0.081
Redington-Fairview General Hospital,Operating Margin,0.014,0.14,0.071,0.053,0.052
Redington-Fairview General Hospital,Non Operating Revenue Margin,0.725,0.22,0.388,0.414,0.375
Redington-Fairview General Hospital,Return On Assets,0.044,0.154,0.093,0.056,0.055
Redington-Fairview General Hospital,Return On Equity,0.054,0.182,0.12,0.101,0.105
Redington-Fairview General Hospital,Markup,2.328,2.357,1.874,1.708,1.553
Redington-Fairview General Hospital,Deductible,0.524,0.462,0.39,0.329,0.262
Redington-Fairview General Hospital,Markup Adjustment for Deductible,1.113,1.274,1.147,1.149,1.15
Redington-Fairview General Hospital,Reported Income Index,0.672,1.015,2.552,11.504,-3.459
Redington-Fairview General Hospital,Total Asset Turnover,0.886,0.894,0.835,0.642,0.678
Redington-Fairview General Hospital,Fixed Asset Turnover,4.454,5.33,5.546,2.584,1.902
Redington-Fairview General Hospital,Average Age Plant Depreciation Only,11.146,11.448,12.089,12.823,11.122
Redington-Fairview General Hospital,Total Operating Expense Growth,0.103,0.02,0.156,0.113,0.091
Redington-Fairview General Hospital,Total Operating Revenue Growth,0.088,0.169,0.07,0.092,0.09
Redington-Fairview General Hospital,Long Term Debt to Equity,0.11,0.09,0.082,0.525,0.528
Rumford Community Hospital,Current Ratio with Board Designated and Undesignated Investments,6.93,3.866,5.831,3.578,2.535
Rumford Community Hospital,Current Ratio without Board Designated and Undesignated Investments,5.707,3.117,4.752,2.786,2.114
Rumford Community Hospital,Days in Accounts Receivable,40.639,43.521,43.585,52.675,58.156
Rumford Community Hospital,Acid Test,0.723,0.205,0.942,0.273,0.064
Rumford Community Hospital,"Days Cash on Hand, Current",16.055,7.699,24.719,8.9,2.735
Rumford Community Hospital,"Days Cash on Hand, Incl Board Designated & Undesignated Investments",43.237,35.789,53.043,34.743,20.679
Rumford Community Hospital,"Average Payment Period, Accounts Payable and Accrued Expenses",17.698,28.297,26.04,32.291,23.658
Rumford Community Hospital,"Average Payment Period, Current Liabilities",22.221,37.477,26.247,32.62,42.678
Rumford Community Hospital,Equity Financing Ratio,0.625,0.593,0.671,0.64,0.635
Rumford Community Hospital,Fixed Asset Financing,0.258,0.121,0.09,0.066,0.052
Rumford Community Hospital,Cash Flow Divided by Total Debt,0.486,0.306,0.604,0.236,0.294
Rumford Community Hospital,Cash Flow Divided by Total Debt with Operating Income Only,0.464,0.266,0.516,0.22,0.301
Rumford Community Hospital,Debt Service Coverage Total,9.308,9.372,6.532,28.461,42.083
Rumford Community Hospital,Debt Service Coverage Total with Operating Income Only,8.911,8.219,5.596,26.625,43.11
Rumford Community Hospital,Total Margin,0.086,0.057,0.097,0.023,0.04
Rumford Community Hospital,Operating Margin,0.082,0.046,0.079,0.019,0.042
Rumford Community Hospital,Non Operating Revenue Margin,0.059,0.202,0.197,0.176,-0.048
Rumford Community Hospital,Return On Assets,0.135,0.079,0.146,0.032,0.056
Rumford Community Hospital,Return On Equity,0.216,0.133,0.218,0.05,0.088
Rumford Community Hospital,Markup,1.853,1.756,1.799,1.704,1.769
Rumford Community Hospital,Deductible,0.392,0.36,0.346,0.361,0.367
Rumford Community Hospital,Markup Adjustment for Deductible,1.136,1.13,1.179,1.09,1.121
Rumford Community Hospital,Reported Income Index,0.906,1.065,1.054,1.13,1.024
Rumford Community Hospital,Total Asset Turnover,1.569,1.398,1.507,1.412,1.403
Rumford Community Hospital,Fixed Asset Turnover,3.807,2.933,3.361,2.625,2.325
Rumford Community Hospital,Average Age Plant Depreciation Only,15.944,14.7,12.287,11.883,12.074
Rumford Community Hospital,Total Operating Expense Growth,0.035,0.108,0.15,0.113,0.077
Rumford Community Hospital,Total Operating Revenue Growth,0.016,0.066,0.192,0.044,0.103
Rumford Community Hospital,Realized Gains Divided by Non-Operating Revenue,,,0.352,0.002,2.898
Rumford Community Hospital,Realized Gains Divided by Net Income,,,0.069,0,-0.138
Rumford Community Hospital,Long Term Debt to Equity,0.169,0.096,0.059,0.055,0.049
Sebasticook Valley Hospital,Current Ratio with Board Designated and Undesignated Investments,1.958,2.069,1.493,1.338,2.182
Sebasticook Valley Hospital,Current Ratio without Board Designated and Undesignated Investments,1.429,1.515,1.199,1.015,1.509
Sebasticook Valley Hospital,Days in Accounts Receivable,28.577,25.962,54.7,35.766,22.936
Sebasticook Valley Hospital,Acid Test,0.772,0.389,0.242,0.319,0.67
Sebasticook Valley Hospital,"Days Cash on Hand, Current",54.127,25.056,24.286,28.208,55.157
Sebasticook Valley Hospital,"Days Cash on Hand, Incl Board Designated & Undesignated Investments",91.246,60.804,53.883,56.714,110.519
Sebasticook Valley Hospital,"Average Payment Period, Accounts Payable and Accrued Expenses",40.493,37.456,33.951,36.986,33.534
Sebasticook Valley Hospital,"Average Payment Period, Current Liabilities",70.117,64.487,100.377,88.44,82.318
Sebasticook Valley Hospital,Equity Financing Ratio,0.477,0.517,0.47,0.526,0.573
Sebasticook Valley Hospital,Fixed Asset Financing,0.638,0.597,0.529,0.488,0.428
Sebasticook Valley Hospital,Cash Flow Divided by Total Debt,0.153,0.247,0.177,0.351,0.281
Sebasticook Valley Hospital,Cash Flow Divided by Total Debt with Operating Income Only,0.146,0.232,0.162,0.336,0.274
Sebasticook Valley Hospital,Debt Service Coverage Total,2.463,3.031,3.147,5.769,3.863
Sebasticook Valley Hospital,Debt Service Coverage Total with Operating Income Only,2.373,2.872,2.909,5.531,3.776
Sebasticook Valley Hospital,Total Margin,0.021,0.052,0.036,0.09,0.054
Sebasticook Valley Hospital,Operating Margin,0.017,0.046,0.03,0.084,0.051
Sebasticook Valley Hospital,Non Operating Revenue Margin,0.161,0.115,0.183,0.063,0.043
Sebasticook Valley Hospital,Return On Assets,0.022,0.061,0.043,0.116,0.067
Sebasticook Valley Hospital,Return On Equity,0.046,0.118,0.092,0.22,0.117
Sebasticook Valley Hospital,Markup,2.029,1.977,1.85,1.869,1.805
Sebasticook Valley Hospital,Deductible,0.464,0.418,0.384,0.379,0.378
Sebasticook Valley Hospital,Markup Adjustment for Deductible,1.107,1.168,1.156,1.172,1.132
Sebasticook Valley Hospital,Reported Income Index,0.54,0.953,1.017,1.081,0.84
Sebasticook Valley Hospital,Total Asset Turnover,1.059,1.182,1.194,1.295,1.25
Sebasticook Valley Hospital,Fixed Asset Turnover,2.036,2.448,2.937,3.297,3.278
Sebasticook Valley Hospital,Average Age Plant Depreciation Only,9.589,10.024,10.541,10.446,9.859
Sebasticook Valley Hospital,Total Operating Expense Growth,0.029,0.139,0.24,0.15,0.07
Sebasticook Valley Hospital,Total Operating Revenue Growth,0.013,0.173,0.219,0.219,0.033
Sebasticook Valley Hospital,Realized Gains Divided by Non-Operating Revenue,0.396,0.657,0.468,0.601,-0.83
Sebasticook Valley Hospital,Realized Gains Divided by Net Income,0.064,0.076,0.086,0.038,-0.036
Sebasticook Valley Hospital,Long Term Debt to Equity,0.693,0.555,0.454,0.362,0.284
Southern Maine Medical Center,Current Ratio with Board Designated and Undesignated Investments,4.691,4.441,3.807,3.119,2.473
Southern Maine Medical Center,Current Ratio without Board Designated and Undesignated Investments,2.627,2.464,2.184,1.487,1.719
Southern Maine Medical Center,Days in Accounts Receivable,43.279,43.375,41.266,40.17,49.03
Southern Maine Medical Center,Acid Test,0.689,0.652,0.944,0.66,0.47
Southern Maine Medical Center,"Days Cash on Hand, Current",27.117,25.244,47.989,38.33,28.991
Southern Maine Medical Center,"Days Cash on Hand, Incl Board Designated & Undesignated Investments",108.369,101.844,130.476,132.774,75.23
Southern Maine Medical Center,"Average Payment Period, Accounts Payable and Accrued Expenses",35.892,35.272,47.32,41.046,29.814
Southern Maine Medical Center,"Average Payment Period, Current Liabilities",39.369,38.742,50.819,57.863,61.307
Southern Maine Medical Center,Equity Financing Ratio,0.739,0.752,0.617,0.618,0.534
Southern Maine Medical Center,Fixed Asset Financing,0.321,0.267,0.599,0.486,0.542
Southern Maine Medical Center,Cash Flow Divided by Total Debt,0.272,0.271,0.263,0.138,0.057
Southern Maine Medical Center,Cash Flow Divided by Total Debt with Operating Income Only,0.23,0.233,0.135,0.121,0.152
Southern Maine Medical Center,Debt Service Coverage Total,4.421,4.342,8.382,4.534,1.712
Southern Maine Medical Center,Debt Service Coverage Total with Operating Income Only,3.807,3.786,4.48,4.012,3.627
Southern Maine Medical Center,Total Margin,0.011,0.009,0.055,0.008,-0.031
Southern Maine Medical Center,Operating Margin,0.002,0.001,0.008,0.001,0.013
Southern Maine Medical Center,Non Operating Revenue Margin,0.84,0.871,0.871,0.872,1.424
Southern Maine Medical Center,Return On Assets,0.013,0.011,0.056,0.008,-0.031
Southern Maine Medical Center,Return On Equity,0.018,0.015,0.091,0.012,-0.058
Southern Maine Medical Center,Markup,1.961,2.014,2.121,2.091,2.042
Southern Maine Medical Center,Deductible,0.475,0.469,0.491,0.485,0.456
Southern Maine Medical Center,Markup Adjustment for Deductible,1.048,1.086,1.095,1.093,1.123
Southern Maine Medical Center,Reported Income Index,0.589,0.256,1.356,0.123,2.748
Southern Maine Medical Center,Total Asset Turnover,1.217,1.228,1.014,0.916,0.993
Southern Maine Medical Center,Fixed Asset Turnover,2.977,2.842,2.382,1.896,1.917
Southern Maine Medical Center,Average Age Plant Depreciation Only,10.975,11.799,12.351,11.851,9.265
Southern Maine Medical Center,Total Operating Expense Growth,0.068,0.053,0.027,0.055,0.278
Southern Maine Medical Center,Total Operating Revenue Growth,0.063,0.053,0.034,0.048,0.293
Southern Maine Medical Center,Realized Gains Divided by Non-Operating Revenue,,,,0,-0.148
Southern Maine Medical Center,Realized Gains Divided by Net Income,,,,0,-0.211
Southern Maine Medical Center,Long Term Debt to Equity,0.176,0.152,0.393,0.377,0.55
Spring Harbor Hospital,Current Ratio with Board Designated and Undesignated Investments,1.83,2.234,1.389,2.109,4.538
Spring Harbor Hospital,Current Ratio without Board Designated and Undesignated Investments,1.83,2.234,1.389,2.109,4.538
Spring Harbor Hospital,Days in Accounts Receivable,17.205,36.624,25.258,25.281,15.151
Spring Harbor Hospital,Acid Test,0.918,0.518,0.93,1.244,3.444
Spring Harbor Hospital,"Days Cash on Hand, Current",59.714,29.891,63.858,49.337,95.998
Spring Harbor Hospital,"Days Cash on Hand, Incl Board Designated & Undesignated Investments",59.714,29.891,63.858,49.337,95.998
Spring Harbor Hospital,"Average Payment Period, Accounts Payable and Accrued Expenses",27.39,29.765,39.891,32.882,20.523
Spring Harbor Hospital,"Average Payment Period, Current Liabilities",65.025,57.693,68.63,39.654,27.876
Spring Harbor Hospital,Equity Financing Ratio,0.175,0.195,0.204,0.237,0.25
Spring Harbor Hospital,Fixed Asset Financing,0.925,0.945,0.971,0.996,1.017
Spring Harbor Hospital,Cash Flow Divided by Total Debt,0.074,0.078,0.097,0.079,0.065
Spring Harbor Hospital,Cash Flow Divided by Total Debt with Operating Income Only,0.071,0.075,0.07,0.078,0.063
Spring Harbor Hospital,Debt Service Coverage Total,1.84,1.103,2.29,1.86,1.568
Spring Harbor Hospital,Debt Service Coverage Total with Operating Income Only,1.797,1.072,1.846,1.846,1.553
Spring Harbor Hospital,Total Margin,0.025,0.025,0.044,0.022,0.013
Spring Harbor Hospital,Operating Margin,0.023,0.022,0.019,0.021,0.012
Spring Harbor Hospital,Non Operating Revenue Margin,0.111,0.128,0.572,0.031,0.062
Spring Harbor Hospital,Return On Assets,0.02,0.022,0.038,0.021,0.013
Spring Harbor Hospital,Return On Equity,0.117,0.112,0.184,0.091,0.05
Spring Harbor Hospital,Markup,1.502,1.469,1.508,1.5,1.502
Spring Harbor Hospital,Deductible,0.176,0.195,0.23,0.206,0.2
Spring Harbor Hospital,Markup Adjustment for Deductible,1.24,1.187,1.169,1.197,1.209
Spring Harbor Hospital,Reported Income Index,0.421,1.005,2.904,0.928,12.923
Spring Harbor Hospital,Total Asset Turnover,0.803,0.854,0.859,0.973,0.964
Spring Harbor Hospital,Fixed Asset Turnover,1.069,1.195,1.265,1.473,1.456
Spring Harbor Hospital,Average Age Plant Depreciation Only,1.924,2.835,3.867,5.16,5.33
Spring Harbor Hospital,Total Operating Expense Growth,0.093,0.071,0.009,0.104,-0.05
Spring Harbor Hospital,Total Operating Revenue Growth,0.086,0.071,0.006,0.107,-0.059
Spring Harbor Hospital,Long Term Debt to Equity,3.967,3.449,3.154,2.775,2.691
St. Andrews Hospital,Current Ratio with Board Designated and Undesignated Investments,1.991,2.208,1.868,1.762,1.969
St. Andrews Hospital,Current Ratio without Board Designated and Undesignated Investments,1.147,1.188,0.984,1.155,1.181
St. Andrews Hospital,Days in Accounts Receivable,71.457,65.968,56.103,55.417,54.619
St. Andrews Hospital,Acid Test,0.31,0.305,0.28,0.484,0.395
St. Andrews Hospital,"Days Cash on Hand, Current",30.46,23.45,25.396,45.334,29.236
St. Andrews Hospital,"Days Cash on Hand, Incl Board Designated & Undesignated Investments",113.37,101.878,105.457,102.149,87.501
St. Andrews Hospital,"Average Payment Period, Accounts Payable and Accrued Expenses",31.191,34.716,47.525,37.952,24.083
St. Andrews Hospital,"Average Payment Period, Current Liabilities",98.203,76.917,90.603,93.59,73.965
St. Andrews Hospital,Equity Financing Ratio,0.454,0.475,0.492,0.417,0.446
St. Andrews Hospital,Fixed Asset Financing,0.545,0.53,0.47,0.583,0.583
St. Andrews Hospital,Cash Flow Divided by Total Debt,0.065,0.086,0.155,0.038,0.03
St. Andrews Hospital,Cash Flow Divided by Total Debt with Operating Income Only,0.027,0.039,0.097,0.027,0.011
St. Andrews Hospital,Debt Service Coverage Total,1.759,1.975,3.13,1.442,1.101
St. Andrews Hospital,Debt Service Coverage Total with Operating Income Only,1.092,1.241,2.195,1.203,0.788
St. Andrews Hospital,Total Margin,-0.014,0.001,0.051,-0.025,-0.043
St. Andrews Hospital,Operating Margin,-0.05,-0.034,0.013,-0.035,-0.059
St. Andrews Hospital,Non Operating Revenue Margin,-2.311,27.744,0.751,-0.394,-0.355
St. Andrews Hospital,Return On Assets,-0.009,0.001,0.039,-0.017,-0.03
St. Andrews Hospital,Return On Equity,-0.02,0.002,0.079,-0.04,-0.068
St. Andrews Hospital,Markup,1.32,1.34,1.377,1.255,1.286
St. Andrews Hospital,Deductible,0.281,0.285,0.297,0.212,0.249
St. Andrews Hospital,Markup Adjustment for Deductible,0.996,1.012,1.021,1.022,1.006
St. Andrews Hospital,Reported Income Index,-0.331,0.168,0.735,1.04,-21.876
St. Andrews Hospital,Total Asset Turnover,0.625,0.731,0.763,0.664,0.707
St. Andrews Hospital,Fixed Asset Turnover,0.904,1.066,1.102,0.961,0.994
St. Andrews Hospital,Average Age Plant Depreciation Only,8.492,9.812,11.063,10.632,10.382
St. Andrews Hospital,Total Operating Expense Growth,0.119,0.114,0.073,0.067,0.017
St. Andrews Hospital,Total Operating Revenue Growth,0.199,0.131,0.124,0.017,-0.006
St. Andrews Hospital,Realized Gains Divided by Non-Operating Revenue,0.007,0.388,0.41,-0.461,-0.006
St. Andrews Hospital,Realized Gains Divided by Net Income,-0.017,10.778,0.308,0.182,0.002
St. Andrews Hospital,Long Term Debt to Equity,0.802,0.741,0.637,0.955,0.915
St. Joseph Hospital,Current Ratio with Board Designated and Undesignated Investments,2.849,2.859,2.702,1.435,1.669
St. Joseph Hospital,Current Ratio without Board Designated and Undesignated Investments,2.693,2.69,2.462,1.354,1.572
St. Joseph Hospital,Days in Accounts Receivable,34.42,31.691,34.097,32.6,24.052
St. Joseph Hospital,Acid Test,1.447,1.456,1.535,0.776,1.07
St. Joseph Hospital,"Days Cash on Hand, Current",72.973,69.057,71.307,53.969,77.351
St. Joseph Hospital,"Days Cash on Hand, Incl Board Designated & Undesignated Investments",80.85,77.111,82.481,59.603,84.428
St. Joseph Hospital,"Average Payment Period, Accounts Payable and Accrued Expenses",37.511,39.198,39.696,46.276,36.574
St. Joseph Hospital,"Average Payment Period, Current Liabilities",50.435,47.428,46.453,69.544,72.306
St. Joseph Hospital,Equity Financing Ratio,0.475,0.528,0.536,0.321,0.36
St. Joseph Hospital,Fixed Asset Financing,0.688,0.612,0.577,0.619,0.627
St. Joseph Hospital,Cash Flow Divided by Total Debt,0.254,0.268,0.194,0.113,0.246
St. Joseph Hospital,Cash Flow Divided by Total Debt with Operating Income Only,0.205,0.258,0.126,0.092,0.239
St. Joseph Hospital,Debt Service Coverage Total,2.618,2.42,2.226,2.106,3.296
St. Joseph Hospital,Debt Service Coverage Total with Operating Income Only,2.182,2.341,1.58,1.786,3.217
St. Joseph Hospital,Total Margin,0.05,0.044,0.012,-0.001,0.052
St. Joseph Hospital,Operating Margin,0.032,0.041,-0.01,-0.01,0.05
St. Joseph Hospital,Non Operating Revenue Margin,0.378,0.074,1.816,-16.879,0.051
St. Joseph Hospital,Return On Assets,0.068,0.063,0.017,-0.001,0.082
St. Joseph Hospital,Return On Equity,0.143,0.12,0.032,-0.003,0.228
St. Joseph Hospital,Markup,1.834,1.823,1.798,1.853,1.985
St. Joseph Hospital,Deductible,0.41,0.412,0.423,0.429,0.439
St. Joseph Hospital,Markup Adjustment for Deductible,1.095,1.083,1.044,1.068,1.123
St. Joseph Hospital,Reported Income Index,3.069,0.809,-1.397,0.004,1.705
St. Joseph Hospital,Total Asset Turnover,1.368,1.425,1.448,1.55,1.563
St. Joseph Hospital,Fixed Asset Turnover,2.812,3.034,2.942,3.144,3.397
St. Joseph Hospital,Average Age Plant Depreciation Only,8.518,8.929,9.083,9.298,10.006
St. Joseph Hospital,Total Operating Expense Growth,0.027,0.107,0.01,0.043,-0.018
St. Joseph Hospital,Total Operating Revenue Growth,0.041,0.118,-0.041,0.043,0.045
St. Joseph Hospital,Long Term Debt to Equity,0.692,0.543,0.518,0.942,0.799
St. Mary's Regional Medical Center,Current Ratio with Board Designated and Undesignated Investments,6.94,6.956,6.026,6.033,6.123
St. Mary's Regional Medical Center,Current Ratio without Board Designated and Undesignated Investments,4.189,4.179,3.834,4.346,3.523
St. Mary's Regional Medical Center,Days in Accounts Receivable,43.551,36.168,35.398,36.04,24.5
St. Mary's Regional Medical Center,Acid Test,0.881,0.727,1.374,0.28,0.63
St. Mary's Regional Medical Center,"Days Cash on Hand, Current",24.93,20.709,44.737,8.563,18.088
St. Mary's Regional Medical Center,"Days Cash on Hand, Incl Board Designated & Undesignated Investments",102.786,99.797,116.125,60.874,92.983
St. Mary's Regional Medical Center,"Average Payment Period, Accounts Payable and Accrued Expenses",24.421,24.757,28.331,26.464,23.182
St. Mary's Regional Medical Center,"Average Payment Period, Current Liabilities",28.293,28.488,32.559,31.011,28.811
St. Mary's Regional Medical Center,Equity Financing Ratio,0.643,0.658,0.63,0.634,0.569
St. Mary's Regional Medical Center,Fixed Asset Financing,0.754,0.766,0.979,0.852,1.3
St. Mary's Regional Medical Center,Cash Flow Divided by Total Debt,0.785,0.353,0.383,0.104,0.254
St. Mary's Regional Medical Center,Cash Flow Divided by Total Debt with Operating Income Only,0.733,0.267,0.349,0.242,0.18
St. Mary's Regional Medical Center,Debt Service Coverage Total,12.304,5.649,7.155,2.331,7.031
St. Mary's Regional Medical Center,Debt Service Coverage Total with Operating Income Only,11.529,4.41,6.569,4.74,5.135
St. Mary's Regional Medical Center,Total Margin,0.17,0.056,0.08,-0.003,0.083
St. Mary's Regional Medical Center,Operating Margin,0.159,0.034,0.07,0.039,0.051
St. Mary's Regional Medical Center,Non Operating Revenue Margin,0.079,0.411,0.128,17.238,0.402
St. Mary's Regional Medical Center,Return On Assets,0.235,0.072,0.098,-0.003,0.079
St. Mary's Regional Medical Center,Return On Equity,0.366,0.109,0.155,-0.005,0.138
St. Mary's Regional Medical Center,Markup,2.456,2.455,2.45,2.518,2.527
St. Mary's Regional Medical Center,Deductible,0.536,0.554,0.542,0.554,0.553
St. Mary's Regional Medical Center,Markup Adjustment for Deductible,1.145,1.104,1.13,1.131,1.14
St. Mary's Regional Medical Center,Reported Income Index,1.37,2.351,1.766,-7.708,0.848
St. Mary's Regional Medical Center,Total Asset Turnover,1.384,1.272,1.226,1.158,0.955
St. Mary's Regional Medical Center,Fixed Asset Turnover,3.826,3.797,4.382,3.821,3.331
St. Mary's Regional Medical Center,Average Age Plant Depreciation Only,9.342,7.301,7.608,8.624,9.66
St. Mary's Regional Medical Center,Total Operating Expense Growth,0.034,0.071,0.075,0.025,0.003
St. Mary's Regional Medical Center,Total Operating Revenue Growth,0.236,-0.067,0.118,-0.008,0.016
St. Mary's Regional Medical Center,Long Term Debt to Equity,0.419,0.381,0.43,0.425,0.633
Stephens Memorial Hospital,Current Ratio with Board Designated and Undesignated Investments,2.87,2.862,2.481,2.51,2.534
Stephens Memorial Hospital,Current Ratio without Board Designated and Undesignated Investments,2.15,2.182,1.897,1.701,1.622
Stephens Memorial Hospital,Days in Accounts Receivable,17.213,20.262,16.434,20.304,20.571
Stephens Memorial Hospital,Acid Test,0.802,1.269,1.369,1.097,1.091
Stephens Memorial Hospital,"Days Cash on Hand, Current",41.692,67.573,108.136,69.479,79.317
Stephens Memorial Hospital,"Days Cash on Hand, Incl Board Designated & Undesignated Investments",79.128,103.758,154.225,120.74,145.6
Stephens Memorial Hospital,"Average Payment Period, Accounts Payable and Accrued Expenses",35.29,44.297,36.647,35.61,31.581
Stephens Memorial Hospital,"Average Payment Period, Current Liabilities",52.001,53.242,78.982,63.343,72.693
Stephens Memorial Hospital,Equity Financing Ratio,0.663,0.718,0.692,0.707,0.688
Stephens Memorial Hospital,Fixed Asset Financing,0.354,0.249,0.237,0.229,0.25
Stephens Memorial Hospital,Cash Flow Divided by Total Debt,0.471,0.518,0.703,0.538,0.415
Stephens Memorial Hospital,Cash Flow Divided by Total Debt with Operating Income Only,0.482,0.533,0.584,0.506,0.4
Stephens Memorial Hospital,Debt Service Coverage Total,3.616,5.264,33.799,24.59,22.659
Stephens Memorial Hospital,Debt Service Coverage Total with Operating Income Only,3.695,5.408,28.117,23.165,21.874
Stephens Memorial Hospital,Total Margin,0.082,0.084,0.14,0.078,0.064
Stephens Memorial Hospital,Operating Margin,0.085,0.087,0.111,0.071,0.061
Stephens Memorial Hospital,Non Operating Revenue Margin,-0.038,-0.043,0.232,0.1,0.063
Stephens Memorial Hospital,Return On Assets,0.095,0.095,0.158,0.093,0.072
Stephens Memorial Hospital,Return On Equity,0.144,0.132,0.228,0.131,0.105
Stephens Memorial Hospital,Markup,2.128,2.171,2.252,2.178,2.261
Stephens Memorial Hospital,Deductible,0.45,0.441,0.465,0.475,0.497
Stephens Memorial Hospital,Markup Adjustment for Deductible,1.177,1.22,1.213,1.151,1.143
Stephens Memorial Hospital,Reported Income Index,0.777,0.805,1.694,-3.712,-65.363
Stephens Memorial Hospital,Total Asset Turnover,1.165,1.128,1.125,1.19,1.12
Stephens Memorial Hospital,Fixed Asset Turnover,2.31,2.339,2.7,2.797,2.859
Stephens Memorial Hospital,Average Age Plant Depreciation Only,9.651,11.338,9.065,9.099,11.035
Stephens Memorial Hospital,Total Operating Expense Growth,0.092,0.065,0.122,0.074,-0.021
Stephens Memorial Hospital,Total Operating Revenue Growth,0.117,0.068,0.153,0.027,-0.032
Stephens Memorial Hospital,Realized Gains Divided by Non-Operating Revenue,-0.26,-0.388,0.194,,
Stephens Memorial Hospital,Realized Gains Divided by Net Income,0.01,0.017,0.045,,
Stephens Memorial Hospital,Long Term Debt to Equity,0.27,0.167,0.138,0.137,0.142
Waldo County General Hospital,Current Ratio with Board Designated and Undesignated Investments,4.835,5.253,5.303,4.655,4.748
Waldo County General Hospital,Current Ratio without Board Designated and Undesignated Investments,1.575,2.289,2.212,1.974,1.997
Waldo County General Hospital,Days in Accounts Receivable,31.263,25.163,33.307,37.127,29.491
Waldo County General Hospital,Acid Test,0.575,0.569,0.849,0.339,0.86
Waldo County General Hospital,"Days Cash on Hand, Current",31.296,31.152,42.665,14.427,42.152
Waldo County General Hospital,"Days Cash on Hand, Incl Board Designated & Undesignated Investments",208.697,193.342,197.997,128.576,176.959
Waldo County General Hospital,"Average Payment Period, Accounts Payable and Accrued Expenses",39.893,49.899,45.826,40.891,43.153
Waldo County General Hospital,"Average Payment Period, Current Liabilities",54.41,54.713,50.243,42.565,49.007
Waldo County General Hospital,Equity Financing Ratio,0.697,0.737,0.763,0.756,0.742
Waldo County General Hospital,Fixed Asset Financing,0.481,0.416,0.358,0.335,0.345
Waldo County General Hospital,Cash Flow Divided by Total Debt,0.333,0.426,0.446,0.432,0.408
Waldo County General Hospital,Cash Flow Divided by Total Debt with Operating Income Only,0.228,0.324,0.292,0.285,0.347
Waldo County General Hospital,Debt Service Coverage Total,5.356,6.82,6.919,6.687,9.47
Waldo County General Hospital,Debt Service Coverage Total with Operating Income Only,3.835,5.301,4.69,4.562,8.159
Waldo County General Hospital,Total Margin,0.065,0.086,0.083,0.059,0.051
Waldo County General Hospital,Operating Margin,0.028,0.055,0.041,0.025,0.037
Waldo County General Hospital,Non Operating Revenue Margin,0.58,0.382,0.522,0.593,0.29
Waldo County General Hospital,Return On Assets,0.055,0.071,0.07,0.061,0.054
Waldo County General Hospital,Return On Equity,0.078,0.096,0.092,0.08,0.073
Waldo County General Hospital,Markup,1.823,1.658,1.575,1.548,1.536
Waldo County General Hospital,Deductible,0.417,0.335,0.311,0.312,0.302
Waldo County General Hospital,Markup Adjustment for Deductible,1.077,1.113,1.096,1.076,1.08
Waldo County General Hospital,Reported Income Index,0.944,0.519,0.801,-1.644,2.182
Waldo County General Hospital,Total Asset Turnover,0.845,0.823,0.845,1.029,1.049
Waldo County General Hospital,Fixed Asset Turnover,2.035,2.112,2.149,2.449,2.721
Waldo County General Hospital,Average Age Plant Depreciation Only,8.942,9.292,10.955,10.009,9.552
Waldo County General Hospital,Total Operating Expense Growth,0.047,0.104,0.124,0.202,0.083
Waldo County General Hospital,Total Operating Revenue Growth,0.069,0.135,0.108,0.182,0.097
Waldo County General Hospital,Realized Gains Divided by Non-Operating Revenue,-0.151,0.173,0.426,0.366,-0.039
Waldo County General Hospital,Realized Gains Divided by Net Income,-0.088,0.066,0.222,0.217,-0.011
Waldo County General Hospital,Long Term Debt to Equity,0.276,0.212,0.177,0.179,0.177
York Hospital,Current Ratio with Board Designated and Undesignated Investments,2.955,3.934,3.615,2.712,2.965
York Hospital,Current Ratio without Board Designated and Undesignated Investments,1.25,1.666,1.587,1.38,1.636
York Hospital,Days in Accounts Receivable,42.587,43.626,45.762,42.298,34.851
York Hospital,Acid Test,0.213,0.196,0.2,0.151,0.346
York Hospital,"Days Cash on Hand, Current",12.628,8.021,9.271,7.313,14.586
York Hospital,"Days Cash on Hand, Incl Board Designated & Undesignated Investments",113.705,100.949,103.14,71.655,70.606
York Hospital,"Average Payment Period, Accounts Payable and Accrued Expenses",44.122,35.545,41.601,39.093,37.714
York Hospital,"Average Payment Period, Current Liabilities",59.3,40.974,46.29,48.293,42.139
York Hospital,Equity Financing Ratio,0.579,0.617,0.56,0.497,0.496
York Hospital,Fixed Asset Financing,0.467,0.478,0.47,0.487,0.509
York Hospital,Cash Flow Divided by Total Debt,0.262,0.274,0.22,0.086,0.092
York Hospital,Cash Flow Divided by Total Debt with Operating Income Only,0.22,0.225,0.171,0.116,0.172
York Hospital,Debt Service Coverage Total,4.907,4.996,4.36,2.141,2.099
York Hospital,Debt Service Coverage Total with Operating Income Only,4.194,4.194,3.511,2.717,3.55
York Hospital,Total Margin,0.056,0.043,0.033,-0.013,-0.01
York Hospital,Operating Margin,0.041,0.028,0.016,-0.002,0.017
York Hospital,Non Operating Revenue Margin,0.286,0.365,0.522,0.82,2.756
York Hospital,Return On Assets,0.062,0.052,0.041,-0.018,-0.015
York Hospital,Return On Equity,0.107,0.084,0.073,-0.036,-0.03
York Hospital,Markup,1.853,1.86,1.89,1.892,2.008
York Hospital,Deductible,0.41,0.422,0.429,0.441,0.456
York Hospital,Markup Adjustment for Deductible,1.108,1.088,1.09,1.067,1.102
York Hospital,Reported Income Index,2.812,0.986,-5.563,0.355,1.207
York Hospital,Total Asset Turnover,1.108,1.187,1.225,1.39,1.467
York Hospital,Fixed Asset Turnover,2.345,2.49,2.655,3.153,3.297
York Hospital,Average Age Plant Depreciation Only,8.572,7.686,7.77,7.885,9.07
York Hospital,Total Operating Expense Growth,0.09,0.113,0.135,0.216,0.03
York Hospital,Total Operating Revenue Growth,0.086,0.098,0.122,0.193,0.05
York Hospital,Realized Gains Divided by Non-Operating Revenue,0.58,0.475,0.407,1.032,0.943
York Hospital,Realized Gains Divided by Net Income,0.166,0.174,0.213,0.846,2.599
York Hospital,Long Term Debt to Equity,0.375,0.363,0.38,0.436,0.469